AO	DP	AF
8	19733	0.0
11	19733	0.0
6	19744	0.0
13	19744	0.0
12	19745	0.0
6	19746	0.0
33	19734	0.0
17	19734	0.0
19	19734	0.0
6	19734	0.0
31	19734	0.0
37	19734	0.0
10	19730	0.0
29	19730	0.0
33	19730	0.0
22	19737	0.0
36	19737	0.0
49	19737	0.0
43	19737	0.0
26	19737	0.0
32	19737	0.0
40	19739	0.0
38	19739	0.0
57	19739	0.0
40	19741	0.0
6	19739	0.0
40	19739	0.0
28	19739	0.0
47	19739	0.0
6	19740	0.0
46	19740	0.0
35	19737	0.0
44	19737	0.0
14	19737	0.0
23	19741	0.0
6	19742	0.0
27	19742	0.0
16	19742	0.0
37	19740	0.0
30	19740	0.0
30	19736	0.0
27	19736	0.0
11	19741	0.0
49	19741	0.0
52	19741	0.0
57	19741	0.0
37	19741	0.0
7	19741	0.0
30	19741	0.0
39	19741	0.0
34	19739	0.0
25	19740	0.0
14	19732	0.0
30	19732	0.0
35	19732	0.0
9895	19721	0.5
54	19735	0.0
42	19735	0.0
7	19738	0.0
36	19738	0.0
6	19741	0.0
51	19741	0.0
49	19741	0.0
34	19741	0.0
9	19743	0.0
55	19743	0.0
46	19743	0.0
50	19743	0.0
49	19742	0.0
45	19742	0.0
20	19742	0.0
32	19742	0.0
31	19742	0.0
6	19743	0.0
31	19743	0.0
27	19743	0.0
21	19743	0.0
33	19743	0.0
28	19743	0.0
39	19743	0.0
51	19743	0.0
7	19743	0.0
32	19743	0.0
41	19743	0.0
48	19743	0.0
6	19746	0.0
37	19746	0.0
40	19746	0.0
6	19741	0.0
46	19741	0.0
41	19741	0.0
47	19741	0.0
42	19740	0.0
38	19739	0.0
60	19739	0.0
8	19743	0.0
53	19743	0.0
30	19746	0.0
9	19749	0.0
12	19749	0.0
14	19749	0.0
10	19749	0.0
46	19749	0.0
32	19749	0.0
22	19749	0.0
8	19749	0.0
15	19983	0.0
8	7720	0.0
19	7724	0.0
14	7718	0.0
11	7715	0.0
21	7716	0.0
6	7716	0.0
23	7716	0.0
7	7716	0.0
11	7716	0.0
15	7715	0.0
9	7715	0.0
8	7716	0.0
18	7716	0.0
25	7716	0.0
7	7716	0.0
13	7716	0.0
9	7716	0.0
8	7717	0.0
14	7716	0.0
19	7716	0.0
8	7716	0.0
13	7716	0.0
18	7715	0.0
11	7715	0.0
8	7716	0.0
13	7717	0.0
21	7716	0.0
12	7716	0.0
9	7716	0.0
17	7717	0.0
6	7715	0.0
9	7715	0.0
12	7715	0.0
18	7715	0.0
23	7717	0.0
14	7716	0.0
12	7714	0.0
8	7716	0.0
13	7716	0.0
19	7716	0.0
16	7716	0.0
17	7716	0.0
11	7716	0.0
17	7716	0.0
13	7717	0.0
18	7717	0.0
9	7717	0.0
13	7717	0.0
11	7717	0.0
13	7717	0.0
12	7717	0.0
8	7708	0.0
11	7708	0.0
6	7708	0.0
6	7708	0.0
14	7708	0.0
9	7708	0.0
7	7708	0.0
9	7708	0.0
9	7708	0.0
11	7708	0.0
7	7688	0.0
13	7688	0.0
17	7687	0.0
7	7692	0.0
6	7708	0.0
6	7706	0.0
7	7704	0.0
9	7704	0.0
9	14095	0.0
6	14184	0.0
6	14184	0.0
6	14211	0.0
36	14215	0.0
24	14215	0.0
16	14211	0.0
30	14211	0.0
17	14211	0.0
26	14211	0.0
34	14211	0.0
26	14213	0.0
6	14204	0.0
10	14204	0.0
16	14204	0.0
26	14204	0.0
51	14204	0.0
26	14204	0.0
27	14204	0.0
12	14204	0.0
23	14204	0.0
33	14204	0.0
36	14204	0.0
22	14204	0.0
15	14204	0.0
23	14211	0.0
7	14210	0.0
27	14210	0.0
26	14210	0.0
24	14210	0.0
33	14214	0.0
30	14214	0.0
33	14214	0.0
9	14216	0.0
20	14216	0.0
32	14216	0.0
24	14216	0.0
14	14215	0.0
9	14215	0.0
20	14215	0.0
20	14215	0.0
34	14213	0.0
15	14213	0.0
21	14213	0.0
31	14213	0.0
24	14215	0.0
23	14205	0.0
23	14205	0.0
28	14205	0.0
26	14200	0.0
27	14200	0.0
32	14200	0.0
24	14203	0.0
24	14203	0.0
33	14203	0.0
23	14210	0.0
10	14213	0.0
11	14213	0.0
12	14214	0.0
15	14214	0.0
25	14214	0.0
27	14213	0.0
22	14213	0.0
11	14214	0.0
16	14214	0.0
9	14214	0.0
13	14214	0.0
23	14216	0.0
29	14215	0.0
33	14215	0.0
24	14215	0.0
19	14215	0.0
20	14215	0.0
25	14215	0.0
26	14214	0.0
15	14214	0.0
26	14214	0.0
18	14215	0.0
17	14214	0.0
28	14215	0.0
23	14215	0.0
18	14214	0.0
7	14215	0.0
22	14213	0.0
23	14213	0.0
14	14214	0.0
15	14215	0.0
39	14215	0.0
30	14215	0.0
24	14215	0.0
27	14215	0.0
39	14215	0.0
33	14215	0.0
14	14212	0.0
8	14212	0.0
25	14212	0.0
22	14211	0.0
12	14213	0.0
28	14214	0.0
26	14214	0.0
15	14210	0.0
17	14210	0.0
21	14207	0.0
21	14206	0.0
22	14205	0.0
6	9210	0.0
7	9277	0.0
6	9277	0.0
27	9276	0.0
15	9277	0.0
18	9277	0.0
19	9277	0.0
28	9277	0.0
23	9277	0.0
14	9276	0.0
26	9276	0.0
28	9276	0.0
10	9276	0.0
13	9276	0.0
15	9275	0.0
21	9276	0.0
20	9277	0.0
17	9277	0.0
16	9276	0.0
7	9276	0.0
17	9276	0.0
10	9276	0.0
18	9276	0.0
15	9276	0.0
27	9276	0.0
15	9276	0.0
13	9276	0.0
17	9276	0.0
11	9276	0.0
13	9276	0.0
10	9275	0.0
20	9158	0.0
7	9158	0.0
13	9158	0.0
6	9158	0.0
18	9158	0.0
6	9158	0.0
9	9158	0.0
6	9158	0.0
6	9158	0.0
12	9158	0.0
14	9158	0.0
18	9158	0.0
11	9158	0.0
14	9158	0.0
12	9158	0.0
14	9157	0.0
22	9157	0.0
17	9158	0.0
22	9125	0.0
11	9125	0.0
6	9146	0.0
10	9151	0.0
10	9157	0.0
18	9157	0.0
15	9157	0.0
14	9157	0.0
7	9157	0.0
8	9157	0.0
9	9157	0.0
9	9157	0.0
12	9157	0.0
13	9156	0.0
18	9156	0.0
26	9157	0.0
9	9157	0.0
16	9157	0.0
15	9157	0.0
8	9157	0.0
14	9157	0.0
11	9157	0.0
16	9159	0.0
16	9159	0.0
11	9159	0.0
18	9159	0.0
19	9159	0.0
13	9159	0.0
16	9159	0.0
7	9159	0.0
6	9159	0.0
25	9159	0.0
20	9159	0.0
10	9159	0.0
6	9159	0.0
26	9159	0.0
24	9159	0.0
14	9159	0.0
16	9159	0.0
9	9159	0.0
28	9159	0.0
23	9159	0.0
10	9159	0.0
15	9159	0.0
6	9159	0.0
14	9197	0.0
15	21016	0.0
8	21118	0.0
19	21135	0.0
11	21135	0.0
18	21150	0.0
8	21148	0.0
9	21148	0.0
6	21152	0.0
9	21152	0.0
6	21152	0.0
39	21152	0.0
56	21152	0.0
12	21152	0.0
36	21152	0.0
35	21152	0.0
41	21152	0.0
49	21135	0.0
25	21135	0.0
50	21149	0.0
23	21149	0.0
28	21149	0.0
32	21149	0.0
42	21139	0.0
45	21139	0.0
49	21141	0.0
59	21135	0.0
37	21135	0.0
42	21135	0.0
47	21142	0.0
15	21147	0.0
34	21150	0.0
19	21150	0.0
56	21150	0.0
51	21151	0.0
23	21147	0.0
7	21147	0.0
16	21147	0.0
46	21147	0.0
37	21147	0.0
35	21147	0.0
37	21151	0.0
19	21150	0.0
51	21150	0.0
41	21149	0.0
35	21149	0.0
41	21149	0.0
30	21149	0.0
41	21142	0.0
31	21142	0.0
30	21142	0.0
6	21143	0.0
34	21143	0.0
32	21152	0.0
38	21152	0.0
32	21151	0.0
27	21151	0.0
43	21140	0.0
28	21140	0.0
9	21138	0.0
9	21138	0.0
24	21138	0.0
47	21138	0.0
50	21138	0.0
40	21151	0.0
55	21150	0.0
41	21150	0.0
32	21150	0.0
36	21150	0.0
8	21150	0.0
46	21150	0.0
16	21149	0.0
37	21149	0.0
54	21149	0.0
54	21149	0.0
38	21149	0.0
34	21151	0.0
35	21148	0.0
26	21148	0.0
54	21147	0.0
6	21147	0.0
44	21147	0.0
47	21147	0.0
56	21148	0.0
39	21148	0.0
6	21129	0.0
23	21129	0.0
40	21129	0.0
44	21129	0.0
41	21129	0.0
53	21129	0.0
29	21129	0.0
38	21144	0.0
33	21150	0.0
54	21150	0.0
44	21148	0.0
9	21147	0.0
44	21147	0.0
48	21147	0.0
38	21147	0.0
50	21150	0.0
32	21150	0.0
37	21151	0.0
39	21151	0.0
31	21151	0.0
44	21155	0.0
10	21333	0.0
10	21308	0.0
104	21308	0.0
9	8335	0.0
7	8390	0.0
21	8393	0.0
21	8393	0.0
20	8372	0.0
29	8372	0.0
11	8371	0.0
9	8371	0.0
6	8369	0.0
28	8369	0.0
14	8369	0.0
6	8369	0.0
26	8369	0.0
18	8369	0.0
21	8370	0.0
10	8370	0.0
12	8370	0.0
14	8370	0.0
7	8370	0.0
7	8370	0.0
12	8370	0.0
12	8369	0.0
17	8370	0.0
11	8370	0.0
19	8367	0.0
11	8367	0.0
15	8367	0.0
14	8369	0.0
21	8369	0.0
16	8370	0.0
7	8370	0.0
7	8370	0.0
15	8370	0.0
8	8370	0.0
16	8370	0.0
14	8349	0.0
28	8349	0.0
17	8350	0.0
8	8372	0.0
10	8373	0.0
12	8374	0.0
16	8374	0.0
12	8359	0.0
23	8372	0.0
11	8371	0.0
13	8370	0.0
14	8371	0.0
8	8371	0.0
12	8371	0.0
14	8371	0.0
16	8371	0.0
19	8371	0.0
21	8371	0.0
10	8371	0.0
8	8371	0.0
6	8371	0.0
20	8371	0.0
39	8371	0.0
9	8371	0.0
8	8371	0.0
14	8372	0.0
18	8371	0.0
13	8370	0.0
21	8371	0.0
14	8371	0.0
11	8372	0.0
13	8372	0.0
9	8372	0.0
14	8372	0.0
14	8373	0.0
14	8372	0.0
23	8371	0.0
16	8371	0.0
8	8477	0.0
8	8532	0.0
25	26126	0.0
8	26126	0.0
26	26425	0.0
9	26425	0.0
24	26449	0.0
9	26449	0.0
18	26455	0.0
7	26459	0.0
18	26459	0.0
7	26452	0.0
6	26459	0.0
8	26458	0.0
7	26458	0.0
40	26459	0.0
51	26459	0.0
13	26459	0.0
35	26459	0.0
38	26459	0.0
58	26459	0.0
17	26438	0.0
50	26438	0.0
46	26438	0.0
6	26438	0.0
60	26438	0.0
69	26438	0.0
47	26440	0.0
6	26438	0.0
22	26438	0.0
6	26438	0.0
33	26438	0.0
52	26438	0.0
17	26438	0.0
34	26438	0.0
7	26449	0.0
7	26449	0.0
55	26449	0.0
52	26451	0.0
60	26456	0.0
58	26445	0.0
8	26445	0.0
43	26445	0.0
45	26445	0.0
48	26445	0.0
57	26450	0.0
55	26450	0.0
6	26437	0.0
65	26437	0.0
50	26437	0.0
67	26435	0.0
63	26435	0.0
46	26438	0.0
70	26440	0.0
39	26440	0.0
43	26440	0.0
31	26454	0.0
38	26455	0.0
10	26456	0.0
9	26457	0.0
67	26457	0.0
52	26457	0.0
44	26457	0.0
25	26453	0.0
24	26453	0.0
42	26453	0.0
15	26455	0.0
71	26455	0.0
42	26455	0.0
57	26455	0.0
34	26455	0.0
44	26460	0.0
64	26462	0.0
10	26459	0.0
21	26459	0.0
43	26459	0.0
33	26459	0.0
36	26459	0.0
22	26461	0.0
44	26462	0.0
44	26465	0.0
6	26465	0.0
63	26465	0.0
64	26465	0.0
30	26464	0.0
10	26464	0.0
61	26464	0.0
52	26464	0.0
8	26465	0.0
54	26465	0.0
35	26465	0.0
62	26465	0.0
50	26465	0.0
55	26465	0.0
45	26462	0.0
7	26462	0.0
44	26462	0.0
9	26465	0.0
25	26465	0.0
40	26466	0.0
38	26466	0.0
42	26464	0.0
53	26464	0.0
6	26496	0.0
41	26496	0.0
23	26496	0.0
17	26631	0.0
6	26619	0.0
13	26619	0.0
7	26622	0.0
6	26617	0.0
7	26631	0.0
6	26630	0.0
11	17399	0.0
6	17510	0.0
7	17519	0.0
6	17519	0.0
18	17521	0.0
19	17524	0.0
38	17519	0.0
32	17518	0.0
8626	17495	0.5
8248	17480	0.5
8642	17464	0.5
18	17502	0.0
18	17502	0.0
22	17502	0.0
32	17507	0.0
24	17507	0.0
22	17513	0.0
21	17513	0.0
37	17512	0.0
40	17512	0.0
34	17511	0.0
33	17511	0.0
31	17511	0.0
18	17511	0.0
15	17511	0.0
11	17512	0.0
43	17511	0.0
36	17511	0.0
10	17508	0.0
30	17508	0.0
6	17508	0.0
29	17508	0.0
25	17508	0.0
38	17508	0.0
30	17508	0.0
40	17508	0.0
49	17508	0.0
45	17501	0.0
49	17501	0.0
21	17501	0.0
21	17508	0.0
17	17509	0.0
16	17512	0.0
14	17512	0.0
6	17512	0.0
6	17512	0.0
18	17512	0.0
16	17512	0.0
36	17511	0.0
7	17511	0.0
13	17511	0.0
23	17511	0.0
23	17511	0.0
27	17511	0.0
13	17512	0.0
15	17512	0.0
18	17511	0.0
37	17511	0.0
6	17511	0.0
30	17511	0.0
28	17511	0.0
32	17512	0.0
26	17512	0.0
23	17512	0.0
6	17512	0.0
36	17512	0.0
34	17512	0.0
28	17512	0.0
30	17512	0.0
23	17511	0.0
26	17511	0.0
27	17512	0.0
40	17512	0.0
18	17509	0.0
13	17509	0.0
34	17509	0.0
35	17507	0.0
49	17498	0.0
11	20836	0.0
30	20956	0.0
9	20956	0.0
9	20983	0.0
7	20983	0.0
10	20983	0.0
16	20987	0.0
10	20989	0.0
6	20990	0.0
52	20989	0.0
37	20750	0.0
44	20669	0.0
61	20656	0.0
49	20603	0.0
49	20603	0.0
7	20603	0.0
35	20603	0.0
6	20603	0.0
30	20603	0.0
36	20603	0.0
28	20603	0.0
26	20602	0.0
26	20602	0.0
34	20602	0.0
29	20603	0.0
32	20603	0.0
53	20604	0.0
36	20603	0.0
47	20593	0.0
32	20593	0.0
20	20593	0.0
42	20604	0.0
10	20601	0.0
19	20601	0.0
33	20601	0.0
33	20601	0.0
19	20604	0.0
20	20604	0.0
30	20604	0.0
46	20604	0.0
45	20590	0.0
53	20590	0.0
39	20590	0.0
29	20600	0.0
28	20604	0.0
35	20602	0.0
12	20602	0.0
32	20602	0.0
27	20602	0.0
20	20602	0.0
20	20602	0.0
29	20601	0.0
40	20601	0.0
37	20601	0.0
7	20601	0.0
41	20601	0.0
33	20601	0.0
39	20601	0.0
18	20602	0.0
21	20602	0.0
34	20602	0.0
29	20602	0.0
11	20601	0.0
6	20601	0.0
55	20601	0.0
6	20601	0.0
22	20601	0.0
50	20601	0.0
19	20601	0.0
32	20601	0.0
28	20601	0.0
31	20601	0.0
37	20597	0.0
29	20597	0.0
27	20599	0.0
55	20599	0.0
10	20604	0.0
33	20604	0.0
32	20604	0.0
35	20604	0.0
24	20604	0.0
30	20604	0.0
34	20604	0.0
32	20604	0.0
37	20604	0.0
37	20607	0.0
28	20613	0.0
28	20614	0.0
10	20627	0.0
13	20626	0.0
7	20623	0.0
6	20627	0.0
55	1285	1.0
7	12249	0.0
11	12249	0.0
6	12258	0.0
12	12258	0.0
7	12258	0.0
20	12262	0.0
14	12262	0.0
27	12262	0.0
28	12262	0.0
45	12262	0.0
24	12262	0.0
26	12262	0.0
25	12261	0.0
27	12261	0.0
14	12261	0.0
13	12262	0.0
15	12262	0.0
31	12261	0.0
21	12261	0.0
36	12261	0.0
23	12262	0.0
28	12262	0.0
20	12262	0.0
24	12261	0.0
11	12262	0.0
21	12262	0.0
16	12262	0.0
16	12262	0.0
14	12262	0.0
15	12262	0.0
14	12262	0.0
20	12262	0.0
8	12262	0.0
10	12260	0.0
18	12260	0.0
22	12260	0.0
8	12262	0.0
16	12262	0.0
9	12262	0.0
24	12262	0.0
16	12262	0.0
8	12262	0.0
21	12262	0.0
20	12262	0.0
12	12262	0.0
21	12262	0.0
23	12262	0.0
7	12262	0.0
26	12262	0.0
23	12262	0.0
28	12262	0.0
23	12261	0.0
12	12261	0.0
13	12261	0.0
15	12260	0.0
14	12260	0.0
12	12261	0.0
25	12260	0.0
20	12260	0.0
16	12260	0.0
32	12260	0.0
20	12260	0.0
22	12261	0.0
16	12261	0.0
10	12260	0.0
8	12261	0.0
7	12261	0.0
17	12259	0.0
18	12259	0.0
34	12259	0.0
32	12259	0.0
25	12259	0.0
19	12259	0.0
23	12261	0.0
24	12262	0.0
27	12260	0.0
11	12260	0.0
24	12261	0.0
12	12260	0.0
11	12260	0.0
23	12259	0.0
23	12258	0.0
24	12258	0.0
22	12260	0.0
40	12259	0.0
29	12259	0.0
18	12259	0.0
6	12255	0.0
36	12255	0.0
27	12256	0.0
23	12256	0.0
17	12256	0.0
11	12268	0.0
20	12269	0.0
9	12275	0.0
7	12255	0.0
11	14895	0.0
13	14991	0.0
16	15001	0.0
9	15009	0.0
39	15011	0.0
10	15011	0.0
28	15010	0.0
35	15010	0.0
36	15010	0.0
29	15006	0.0
28	15006	0.0
50	15006	0.0
25	15006	0.0
26	15006	0.0
7	15006	0.0
22	15006	0.0
7	15006	0.0
16	15006	0.0
16	15006	0.0
36	15001	0.0
26	15001	0.0
31	15001	0.0
22	15002	0.0
24	15006	0.0
17	15006	0.0
25	15010	0.0
18	15010	0.0
14914	14985	1.0
19	15010	0.0
16	15010	0.0
13	15010	0.0
20	15010	0.0
27	15009	0.0
18	15009	0.0
7	15009	0.0
27	15009	0.0
18	15008	0.0
16	15008	0.0
13	15008	0.0
24	15008	0.0
10	15008	0.0
28	15008	0.0
30	15008	0.0
27	15008	0.0
30	15008	0.0
6	15008	0.0
26	15008	0.0
14	15008	0.0
7	15008	0.0
11	15008	0.0
22	15008	0.0
17	15008	0.0
19	15008	0.0
36	15008	0.0
9	15007	0.0
14	15007	0.0
26	15007	0.0
29	15006	0.0
15	15006	0.0
20	15007	0.0
14	15008	0.0
23	15008	0.0
23	15020	0.0
13	15091	0.0
7	15089	0.0
36	4182	0.0
60	4182	0.0
16	4182	0.0
7	24115	0.0
11	24242	0.0
7	24262	0.0
6	24270	0.0
12	24279	0.0
11	24279	0.0
21	24279	0.0
53	24025	0.0
42	24025	0.0
44	24031	0.0
46	24032	0.0
7	24026	0.0
63	24026	0.0
28	24026	0.0
47	24026	0.0
55	24027	0.0
6	24031	0.0
36	24031	0.0
28	24030	0.0
32	24030	0.0
52	24041	0.0
49	24041	0.0
47	24041	0.0
37	24042	0.0
11937	24016	0.5
56	24033	0.0
48	24033	0.0
66	24032	0.0
8	24037	0.0
50	24037	0.0
61	24037	0.0
43	24037	0.0
11	24039	0.0
53	24039	0.0
37	24039	0.0
51	24039	0.0
37	24041	0.0
8	24042	0.0
37	24042	0.0
44	24042	0.0
6	24041	0.0
65	24041	0.0
46	24041	0.0
31	24041	0.0
27	24041	0.0
19	24041	0.0
48	24041	0.0
29	24041	0.0
35	24042	0.0
36	24042	0.0
44	24042	0.0
34	24042	0.0
41	24042	0.0
12	24041	0.0
63	24041	0.0
43	24041	0.0
44	24041	0.0
22	24034	0.0
17	24034	0.0
42	24034	0.0
8	24034	0.0
44	24034	0.0
6	24042	0.0
58	24042	0.0
6	24039	0.0
38	24039	0.0
51	24039	0.0
35	24042	0.0
50	24041	0.0
9	24040	0.0
46	24040	0.0
54	24040	0.0
58	24040	0.0
43	24040	0.0
6	24030	0.0
58	24030	0.0
63	24030	0.0
50	24031	0.0
48	24039	0.0
48	24039	0.0
54	24042	0.0
51	24042	0.0
8	24034	0.0
6	24034	0.0
47	24034	0.0
44	24034	0.0
26	24034	0.0
52	24034	0.0
47	24042	0.0
9	24041	0.0
55	24041	0.0
45	24041	0.0
57	24041	0.0
6	24038	0.0
64	24038	0.0
50	24038	0.0
18	24033	0.0
6	24033	0.0
23	24033	0.0
46	24033	0.0
51	24024	0.0
50	24024	0.0
55	24024	0.0
7	24025	0.0
32	24025	0.0
26	24037	0.0
50	24043	0.0
59	24013	0.0
6	11846	0.0
13	11851	0.0
42	11862	0.0
45	11861	0.0
24	11849	0.0
9	11849	0.0
44	11849	0.0
37	11857	0.0
23	11857	0.0
30	11853	0.0
22	11853	0.0
20	11853	0.0
27	11853	0.0
15	11853	0.0
10	11853	0.0
7	11852	0.0
22	11852	0.0
27	11852	0.0
22	11852	0.0
22	11852	0.0
33	11852	0.0
37	11857	0.0
21	11854	0.0
30	11854	0.0
16	11854	0.0
18	11856	0.0
31	11857	0.0
27	11856	0.0
6	11856	0.0
27	11856	0.0
14	11856	0.0
17	11856	0.0
9	11856	0.0
9	11856	0.0
14	11856	0.0
6	11856	0.0
21	11856	0.0
6	11856	0.0
11	11856	0.0
12	11856	0.0
26	11856	0.0
15	11855	0.0
19	11855	0.0
19	11856	0.0
17	11855	0.0
11	11856	0.0
6	11856	0.0
22	11856	0.0
10	11856	0.0
10	11856	0.0
37	11856	0.0
29	11856	0.0
17	11856	0.0
8	11856	0.0
7	11855	0.0
15	11855	0.0
16	11856	0.0
14	11856	0.0
10	11856	0.0
6	11856	0.0
19	11856	0.0
12	11856	0.0
12	11856	0.0
38	11856	0.0
19	11870	0.0
11	11908	0.0
9	11931	0.0
12	11931	0.0
19	11950	0.0
6	5301	0.0
6	11498	0.0
9	11565	0.0
6	11578	0.0
10	11579	0.0
7	11581	0.0
9	11580	0.0
14	11581	0.0
18	11591	0.0
26	11590	0.0
22	11590	0.0
8	11589	0.0
33	11589	0.0
34	11589	0.0
23	11589	0.0
19	11588	0.0
10	11588	0.0
14	11588	0.0
10	11588	0.0
9	11589	0.0
19	11589	0.0
12	11589	0.0
16	11589	0.0
20	11588	0.0
20	11588	0.0
16	11588	0.0
22	11588	0.0
17	11588	0.0
11	11588	0.0
11	11588	0.0
25	11588	0.0
14	11588	0.0
22	11588	0.0
30	11587	0.0
18	11587	0.0
29	11587	0.0
17	11587	0.0
14	11588	0.0
26	11588	0.0
15	11589	0.0
24	11589	0.0
27	11589	0.0
31	11586	0.0
18	11588	0.0
7	11587	0.0
20	11587	0.0
19	11587	0.0
23	11587	0.0
12	11589	0.0
23	11588	0.0
10	11587	0.0
18	11590	0.0
6	11584	0.0
16	11584	0.0
22	11584	0.0
21	11585	0.0
15	11589	0.0
20	11591	0.0
27	11591	0.0
18	11591	0.0
7	11591	0.0
19	11591	0.0
12	11591	0.0
14	11591	0.0
18	11591	0.0
30	11588	0.0
18	11588	0.0
25	11590	0.0
14	11590	0.0
24	11590	0.0
13	11589	0.0
8	11589	0.0
14	11590	0.0
17	11591	0.0
16	11590	0.0
10	11590	0.0
12	11590	0.0
7	11590	0.0
11	11590	0.0
17	11590	0.0
15	11590	0.0
7	11590	0.0
20	11590	0.0
17	11590	0.0
12	11599	0.0
26	11747	0.0
21	11765	0.0
15	29884	0.0
6	30056	0.0
36	30056	0.0
20	30056	0.0
8	30083	0.0
13	30083	0.0
36	30083	0.0
8	30083	0.0
38	30083	0.0
6	30091	0.0
8	30096	0.0
12	30096	0.0
16	30096	0.0
51	30096	0.0
40	30095	0.0
56	30095	0.0
49	30095	0.0
8	30095	0.0
58	30095	0.0
64	30095	0.0
65	30095	0.0
57	30093	0.0
24	30091	0.0
7	30091	0.0
48	30091	0.0
63	30091	0.0
57	30088	0.0
58	30089	0.0
65	30089	0.0
6	30089	0.0
64	30089	0.0
9	30093	0.0
74	30093	0.0
7	30090	0.0
52	30090	0.0
6	30092	0.0
64	30091	0.0
61	30092	0.0
25	30088	0.0
6	30088	0.0
9	30088	0.0
38	30088	0.0
6	30088	0.0
30	30088	0.0
66	30088	0.0
67	30089	0.0
13	30090	0.0
45	30090	0.0
57	30090	0.0
55	30092	0.0
14	30089	0.0
42	30089	0.0
7	30089	0.0
34	30089	0.0
44	30089	0.0
6	30089	0.0
25	30089	0.0
38	30089	0.0
56	30090	0.0
30	30091	0.0
46	30094	0.0
6	30094	0.0
15	30094	0.0
58	30094	0.0
21	30083	0.0
74	30083	0.0
59	30083	0.0
56	30089	0.0
55	30089	0.0
9	30089	0.0
52	30089	0.0
45	30090	0.0
63	30090	0.0
54	30091	0.0
9	30091	0.0
8	30091	0.0
12	30091	0.0
42	30091	0.0
62	30091	0.0
50	30091	0.0
40	30091	0.0
70	30091	0.0
7	30091	0.0
83	30091	0.0
61	30091	0.0
6	30090	0.0
43	30090	0.0
10	30090	0.0
52	30090	0.0
6	30090	0.0
6	30090	0.0
51	30090	0.0
45	30092	0.0
43	30077	0.0
8	30077	0.0
58	30077	0.0
6	30081	0.0
54	30081	0.0
34	30084	0.0
6	30089	0.0
8	30089	0.0
53	30089	0.0
31	30102	0.0
17	30108	0.0
6	30111	0.0
6	30104	0.0
23	15593	0.0
8	15593	0.0
11	16101	0.0
7	16101	0.0
7	16201	0.0
6	16212	0.0
17	16220	0.0
8	16220	0.0
9	16220	0.0
47	16223	0.0
7	16224	0.0
40	16224	0.0
15	16224	0.0
29	16224	0.0
14	16217	0.0
14	16217	0.0
13	16217	0.0
22	16217	0.0
20	16217	0.0
15	16217	0.0
15	16217	0.0
29	16217	0.0
11	16216	0.0
9	16216	0.0
44	16216	0.0
30	16215	0.0
24	16222	0.0
12	16223	0.0
21	16223	0.0
34	16222	0.0
30	16222	0.0
15	16222	0.0
8	16224	0.0
14	16223	0.0
27	16223	0.0
30	16223	0.0
7	16221	0.0
10	16221	0.0
24	16221	0.0
22	16222	0.0
36	16222	0.0
16	16223	0.0
33	16221	0.0
30	16221	0.0
19	16221	0.0
11	16224	0.0
31	16224	0.0
27	16224	0.0
34	16224	0.0
31	16224	0.0
26	16224	0.0
23	16224	0.0
19	16224	0.0
25	16223	0.0
15	16224	0.0
20	16224	0.0
29	16224	0.0
35	16224	0.0
34	16224	0.0
32	16224	0.0
19	16224	0.0
32	16224	0.0
17	16224	0.0
14	16224	0.0
21	16224	0.0
45	16224	0.0
26	16223	0.0
18	16224	0.0
18	16224	0.0
20	16223	0.0
39	16223	0.0
23	16224	0.0
33	16224	0.0
6	16224	0.0
37	16224	0.0
27	16224	0.0
24	16224	0.0
48	16223	0.0
26	16224	0.0
31	16222	0.0
20	16222	0.0
25	16222	0.0
31	16222	0.0
6	16223	0.0
25	16223	0.0
27	16220	0.0
26	16220	0.0
32	16228	0.0
36	16228	0.0
24	16229	0.0
16	16229	0.0
17	16229	0.0
23	16228	0.0
21	16228	0.0
29	16227	0.0
23	16228	0.0
18	16227	0.0
15	16227	0.0
32	16228	0.0
6	16227	0.0
19	16227	0.0
26	16227	0.0
24	16227	0.0
9	16227	0.0
8	16200	0.0
24	16200	0.0
15	16638	0.0
11	16748	0.0
7	16758	0.0
11	16765	0.0
16	16765	0.0
7	16765	0.0
9	16765	0.0
13	16767	0.0
8	16767	0.0
6	16766	0.0
7	16767	0.0
39	16430	0.0
8	16427	0.0
40	16427	0.0
29	16428	0.0
37	16421	0.0
48	16421	0.0
26	16421	0.0
14	16421	0.0
11	16428	0.0
24	16428	0.0
15	16428	0.0
35	16427	0.0
7	16426	0.0
35	16426	0.0
14	16426	0.0
25	16428	0.0
6	16428	0.0
6	16428	0.0
16	16428	0.0
31	16428	0.0
18	16428	0.0
22	16428	0.0
16	16428	0.0
27	16428	0.0
27	16428	0.0
13	16428	0.0
22	16427	0.0
18	16425	0.0
16	16425	0.0
35	16425	0.0
29	16426	0.0
21	16426	0.0
22	16428	0.0
27	16427	0.0
33	16420	0.0
34	16420	0.0
22	16425	0.0
7	16428	0.0
21	16428	0.0
34	16428	0.0
28	16427	0.0
21	16422	0.0
7	16422	0.0
36	16422	0.0
28	16422	0.0
27	16422	0.0
19	16428	0.0
22	16428	0.0
11	16427	0.0
49	16427	0.0
29	16427	0.0
31	16427	0.0
37	16425	0.0
23	16428	0.0
7	16428	0.0
34	16428	0.0
27	16428	0.0
15	16428	0.0
13	16428	0.0
17	16428	0.0
22	16428	0.0
23	16428	0.0
32	16427	0.0
18	16427	0.0
30	16427	0.0
22	16403	0.0
23	16403	0.0
23	16427	0.0
9	3702	0.0
6	3720	0.0
9	3725	0.0
9	3725	0.0
7	3721	0.0
15	3719	0.0
7	3719	0.0
12	3719	0.0
15	3720	0.0
6	3720	0.0
7	3720	0.0
9	3720	0.0
7	3720	0.0
13	3720	0.0
7	3720	0.0
12	3720	0.0
9	3720	0.0
15	3720	0.0
9	3720	0.0
11	3720	0.0
7	3720	0.0
10	3720	0.0
10	3720	0.0
7	3720	0.0
12	3731	0.0
9	3731	0.0
8	3731	0.0
8	3730	0.0
13	3730	0.0
13	3730	0.0
7	3721	0.0
7	3721	0.0
9	3720	0.0
6	3720	0.0
8	3731	0.0
7	3731	0.0
15	3728	0.0
8	3728	0.0
6	3730	0.0
8	3730	0.0
12	3724	0.0
8	3728	0.0
13	3732	0.0
6	3731	0.0
11	3732	0.0
6	3734	0.0
12	3734	0.0
11	24046	0.0
13	24212	0.0
30	24237	0.0
25	24243	0.0
10	24243	0.0
31	24243	0.0
7	24243	0.0
6	24245	0.0
15	24245	0.0
6	24245	0.0
41	24245	0.0
23	24245	0.0
46	24245	0.0
43	24244	0.0
14	24243	0.0
8	24243	0.0
7	24243	0.0
52	24243	0.0
25	24243	0.0
59	24243	0.0
23	24244	0.0
31	24245	0.0
36	24245	0.0
42	24244	0.0
30	24244	0.0
65	24244	0.0
57	24244	0.0
6	24244	0.0
36	24244	0.0
32	24244	0.0
6	24242	0.0
41	24242	0.0
46	24242	0.0
40	24242	0.0
46	24242	0.0
6	24243	0.0
45	24243	0.0
42	24243	0.0
17	24235	0.0
11	24235	0.0
65	24235	0.0
6	24235	0.0
46	24235	0.0
8	24235	0.0
39	24235	0.0
49	24238	0.0
54	24244	0.0
43	24244	0.0
55	24244	0.0
45	24243	0.0
13	24242	0.0
86	24242	0.0
7	24242	0.0
32	24242	0.0
6	24242	0.0
19	24242	0.0
33	24242	0.0
41	24243	0.0
50	24243	0.0
61	24238	0.0
55	24238	0.0
13	24242	0.0
70	24242	0.0
46	24243	0.0
10	24243	0.0
35	24243	0.0
9	24241	0.0
18	24241	0.0
45	24241	0.0
20	24240	0.0
6	24242	0.0
18	24242	0.0
22	24244	0.0
37	24244	0.0
35	24244	0.0
12	24244	0.0
53	24244	0.0
49	24244	0.0
21	24244	0.0
34	24244	0.0
40	24243	0.0
6	24243	0.0
60	24243	0.0
63	24244	0.0
45	24244	0.0
25	24243	0.0
26	24243	0.0
39	24244	0.0
43	24243	0.0
6	24243	0.0
48	24243	0.0
7	24243	0.0
44	24243	0.0
46	24242	0.0
58	24242	0.0
20	24243	0.0
57	24243	0.0
51	24243	0.0
38	24243	0.0
36	24240	0.0
32	24240	0.0
6	24239	0.0
31	24239	0.0
54	24239	0.0
68	24239	0.0
11	24240	0.0
45	24240	0.0
52	24240	0.0
44	24240	0.0
18	24240	0.0
42	24240	0.0
11	24240	0.0
45	24240	0.0
45	24242	0.0
8	24240	0.0
47	24240	0.0
62	24240	0.0
16	24241	0.0
9	24241	0.0
41	24241	0.0
7	24241	0.0
34	24241	0.0
34	24241	0.0
6	24241	0.0
17	24241	0.0
33	24241	0.0
30	24241	0.0
46	24241	0.0
74	24241	0.0
42	24241	0.0
23	24323	0.0
13	13757	0.0
11	13833	0.0
7	13842	0.0
8	13842	0.0
7	13844	0.0
6	13844	0.0
12	13844	0.0
25	13844	0.0
13	13843	0.0
10	13842	0.0
25	13842	0.0
27	13842	0.0
28	13842	0.0
10	13837	0.0
23	13837	0.0
28	13837	0.0
25	13837	0.0
6	13843	0.0
20	13843	0.0
30	13843	0.0
31	13843	0.0
10	13843	0.0
29	13843	0.0
27	13843	0.0
27	13844	0.0
20	13844	0.0
24	13842	0.0
22	13843	0.0
17	13842	0.0
13	13842	0.0
18	13842	0.0
27	13842	0.0
34	13841	0.0
45	13841	0.0
29	13841	0.0
10	13841	0.0
6	13841	0.0
14	13843	0.0
19	13843	0.0
28	13843	0.0
13	13843	0.0
13	13843	0.0
25	13843	0.0
26	13844	0.0
6	13837	0.0
8	13837	0.0
19	13837	0.0
18	13837	0.0
23	13837	0.0
18	13837	0.0
21	13837	0.0
30	13837	0.0
41	13837	0.0
21	13837	0.0
27	13845	0.0
11	13845	0.0
16	13845	0.0
25	13845	0.0
23	13845	0.0
7	13844	0.0
22	13844	0.0
21	13844	0.0
31	13844	0.0
32	13844	0.0
22	13844	0.0
20	13845	0.0
27	13845	0.0
31	13845	0.0
33	13845	0.0
26	13844	0.0
19	13844	0.0
11	13844	0.0
31	13843	0.0
20	13843	0.0
29	13843	0.0
7	13843	0.0
30	13843	0.0
20	13843	0.0
15	13843	0.0
8	13843	0.0
14	13843	0.0
8	13842	0.0
22	13842	0.0
22	13843	0.0
23	13843	0.0
16	13843	0.0
35	13843	0.0
30	13843	0.0
13	13843	0.0
16	13843	0.0
7	13843	0.0
8	13844	0.0
17	13845	0.0
25	13845	0.0
14	13845	0.0
22	13845	0.0
24	13845	0.0
24	13843	0.0
22	13844	0.0
20	13844	0.0
6	13838	0.0
18	13838	0.0
25	13838	0.0
12	13838	0.0
20	13838	0.0
26	13838	0.0
29	13817	0.0
6	6196	0.0
23	6255	0.0
15	6254	0.0
14	6253	0.0
14	6253	0.0
11	6252	0.0
15	6252	0.0
7	6253	0.0
17	6253	0.0
7	6253	0.0
14	6253	0.0
8	6253	0.0
8	6253	0.0
6	6253	0.0
11	6253	0.0
18	6253	0.0
14	6253	0.0
9	6253	0.0
10	6253	0.0
17	6253	0.0
15	6253	0.0
17	6253	0.0
10	6253	0.0
12	6253	0.0
7	6253	0.0
7	6253	0.0
6	6253	0.0
6	6253	0.0
10	6253	0.0
8	6250	0.0
7	6250	0.0
13	6250	0.0
19	6250	0.0
15	6253	0.0
7	6253	0.0
11	6252	0.0
10	6252	0.0
7	6253	0.0
3036	6245	0.5
6	6253	0.0
14	6253	0.0
12	6253	0.0
10	6252	0.0
18	6252	0.0
17	6252	0.0
10	6253	0.0
9	6253	0.0
9	6253	0.0
7	6253	0.0
18	6253	0.0
7	6253	0.0
18	6253	0.0
8	6253	0.0
6	6253	0.0
6	6253	0.0
8	6253	0.0
8	6253	0.0
8	6253	0.0
13	6253	0.0
13	6253	0.0
7	6253	0.0
8	6253	0.0
11	6253	0.0
15	6252	0.0
10	6252	0.0
9	6252	0.0
9	6253	0.0
9	6253	0.0
14	6251	0.0
9	6251	0.0
13	6249	0.0
7	6249	0.0
9	6249	0.0
10	6237	0.0
8	9555	0.0
6	9555	0.0
7	9621	0.0
13	9624	0.0
9	9624	0.0
10	9625	0.0
18	9625	0.0
21	9624	0.0
13	9624	0.0
8	9623	0.0
29	9623	0.0
11	9623	0.0
50	9623	0.0
28	9623	0.0
18	9623	0.0
23	9623	0.0
9	9623	0.0
17	9623	0.0
23	9624	0.0
18	9623	0.0
17	9622	0.0
20	9621	0.0
32	9618	0.0
17	9618	0.0
11	9618	0.0
8	9618	0.0
6	9618	0.0
12	9618	0.0
17	9618	0.0
11	9618	0.0
12	9618	0.0
8	9621	0.0
9	9622	0.0
6	9622	0.0
9	9621	0.0
10	9621	0.0
10	9621	0.0
13	9620	0.0
9	9620	0.0
15	9621	0.0
9	9621	0.0
6	9621	0.0
25	9621	0.0
17	9621	0.0
21	9621	0.0
17	9621	0.0
11	9621	0.0
11	9621	0.0
11	9621	0.0
18	9621	0.0
13	9621	0.0
18	9621	0.0
13	9616	0.0
10	9616	0.0
6	9616	0.0
6	9616	0.0
29	9616	0.0
11	9616	0.0
9	9616	0.0
11	9616	0.0
11	9616	0.0
23	9616	0.0
25	9616	0.0
8	9620	0.0
16	9636	0.0
10	9648	0.0
6	12750	0.0
10	12818	0.0
21	12832	0.0
9	12840	0.0
7	12844	0.0
23	12844	0.0
19	12844	0.0
32	12815	0.0
38	12812	0.0
7	12808	0.0
24	12808	0.0
35	12808	0.0
27	12808	0.0
24	12808	0.0
6	12807	0.0
12	12807	0.0
26	12807	0.0
22	12808	0.0
9	12809	0.0
28	12809	0.0
11	12809	0.0
9	12809	0.0
7	12809	0.0
6	12809	0.0
9	12809	0.0
6	12809	0.0
24	12807	0.0
25	12807	0.0
15	12807	0.0
14	12808	0.0
12	12808	0.0
10	12809	0.0
10	12809	0.0
7	12809	0.0
21	12809	0.0
6	12809	0.0
14	12809	0.0
12	12809	0.0
13	12809	0.0
14	12807	0.0
25	12808	0.0
22	12809	0.0
25	12809	0.0
36	12809	0.0
20	12809	0.0
16	12809	0.0
20	12809	0.0
29	12808	0.0
9	12807	0.0
22	12807	0.0
11	12807	0.0
25	12807	0.0
30	12806	0.0
29	12806	0.0
14	12807	0.0
8	12834	0.0
10	12834	0.0
6	12834	0.0
8	6480	0.0
11	17935	0.0
9	17935	0.0
15	18091	0.0
16	18119	0.0
10	18119	0.0
16	18122	0.0
15	18128	0.0
7	18131	0.0
6	18126	0.0
33	18131	0.0
29	18119	0.0
44	18119	0.0
44	18119	0.0
7	18118	0.0
38	18118	0.0
32	18120	0.0
12	18120	0.0
29	18120	0.0
36	18120	0.0
36	18120	0.0
35	18120	0.0
33	18120	0.0
35	18120	0.0
34	18120	0.0
10	18106	0.0
39	18106	0.0
41	18106	0.0
41	18107	0.0
34	18116	0.0
26	18117	0.0
22	18114	0.0
15	18114	0.0
31	18114	0.0
54	18116	0.0
40	18116	0.0
34	18116	0.0
31	18118	0.0
30	18119	0.0
6	18114	0.0
37	18114	0.0
25	18115	0.0
12	18115	0.0
35	18121	0.0
37	18121	0.0
33	18121	0.0
21	18121	0.0
31	18121	0.0
41	18121	0.0
39	18121	0.0
39	18121	0.0
27	18121	0.0
35	18121	0.0
25	18121	0.0
23	18121	0.0
28	18121	0.0
41	18122	0.0
32	18121	0.0
24	18097	0.0
25	18098	0.0
15	18100	0.0
10	18104	0.0
27	18104	0.0
26	18104	0.0
25	18104	0.0
23	18104	0.0
22	18119	0.0
24	18120	0.0
25	18119	0.0
22	18119	0.0
16	18120	0.0
33	18122	0.0
30	18122	0.0
45	18122	0.0
7	18116	0.0
29	18116	0.0
14	18116	0.0
32	18116	0.0
34	18115	0.0
35	18122	0.0
16	18121	0.0
30	18121	0.0
19	18121	0.0
28	18121	0.0
39	18120	0.0
36	18120	0.0
41	18111	0.0
34	18111	0.0
36	18111	0.0
43	18111	0.0
6	18111	0.0
38	18111	0.0
33	18111	0.0
26	18111	0.0
28	18115	0.0
16	18115	0.0
20	18115	0.0
29	18115	0.0
40	18143	0.0
28	18154	0.0
6	18175	0.0
14	18174	0.0
6	22084	0.0
7	22220	0.0
6	22220	0.0
8	22220	0.0
6	22220	0.0
7	22220	0.0
25	22226	0.0
8	22226	0.0
37	22226	0.0
35	22226	0.0
47	22225	0.0
39	22226	0.0
40	22226	0.0
31	22224	0.0
9	22224	0.0
21	22224	0.0
47	22224	0.0
9	22226	0.0
38	22226	0.0
45	22226	0.0
35	22226	0.0
7	22226	0.0
34	22226	0.0
40	22226	0.0
50	22225	0.0
33	22226	0.0
38	22222	0.0
48	22223	0.0
9	22224	0.0
29	22224	0.0
15	22219	0.0
24	22219	0.0
32	22219	0.0
6	22217	0.0
49	22217	0.0
42	22217	0.0
41	22217	0.0
34	22217	0.0
40	22217	0.0
37	22223	0.0
20	22223	0.0
38	22223	0.0
28	22223	0.0
30	22225	0.0
18	22225	0.0
34	22225	0.0
28	22224	0.0
26	22225	0.0
19	22226	0.0
47	22225	0.0
43	22225	0.0
30	22225	0.0
24	22225	0.0
17	22226	0.0
42	22226	0.0
42	22180	0.0
47	22226	0.0
36	22226	0.0
33	22226	0.0
30	22226	0.0
42	22225	0.0
37	22226	0.0
27	22226	0.0
36	22226	0.0
28	22226	0.0
46	22226	0.0
6	22218	0.0
51	22218	0.0
55	22218	0.0
8	22218	0.0
63	22218	0.0
39	22218	0.0
32	22224	0.0
20	22225	0.0
24	22225	0.0
38	22225	0.0
18	22225	0.0
46	22223	0.0
7	22223	0.0
27	22223	0.0
47	22223	0.0
15	22213	0.0
6	22213	0.0
6	22213	0.0
44	22213	0.0
49	22213	0.0
45	22213	0.0
51	22213	0.0
49	22213	0.0
28	22213	0.0
45	22213	0.0
7	22213	0.0
27	22213	0.0
36	22222	0.0
37	22225	0.0
28	22225	0.0
16	22223	0.0
10	22223	0.0
51	22223	0.0
32	22223	0.0
46	22223	0.0
41	22223	0.0
42	22223	0.0
24	22223	0.0
32	22223	0.0
8	22223	0.0
37	22223	0.0
6	22310	0.0
8	22310	0.0
6	12882	0.0
6	12898	0.0
17	12902	0.0
8	12907	0.0
10	12907	0.0
24	12882	0.0
36	12882	0.0
26	12882	0.0
45	12882	0.0
36	12882	0.0
23	12882	0.0
27	12882	0.0
24	12882	0.0
24	12881	0.0
13	12881	0.0
13	12882	0.0
10	12883	0.0
22	12879	0.0
35	12879	0.0
14	12878	0.0
9	12880	0.0
8	12880	0.0
20	12880	0.0
23	12884	0.0
17	12887	0.0
33	12888	0.0
23	12888	0.0
21	12889	0.0
14	12889	0.0
17	12889	0.0
14	12888	0.0
18	12889	0.0
16	12888	0.0
16	12886	0.0
13	12887	0.0
16	12888	0.0
13	12888	0.0
27	12888	0.0
15	12888	0.0
33	12888	0.0
28	12889	0.0
27	12889	0.0
23	12887	0.0
14	12887	0.0
19	12887	0.0
13	12890	0.0
23	12892	0.0
20	12897	0.0
8	5454	0.0
7	7357	0.0
8	7358	0.0
15	7358	0.0
18	7358	0.0
6	7357	0.0
19	7357	0.0
20	7357	0.0
20	7357	0.0
18	7357	0.0
13	7356	0.0
9	7356	0.0
21	7355	0.0
13	7355	0.0
14	7355	0.0
17	7355	0.0
17	7354	0.0
12	7354	0.0
10	7354	0.0
19	7354	0.0
8	7354	0.0
8	7354	0.0
7	7354	0.0
16	7354	0.0
8	7354	0.0
6	7354	0.0
14	7354	0.0
7	7354	0.0
12	7354	0.0
16	7354	0.0
12	7354	0.0
12	7354	0.0
15	7354	0.0
13	7356	0.0
6	7354	0.0
14	7354	0.0
6	7354	0.0
8	7354	0.0
13	7354	0.0
11	7354	0.0
16	7354	0.0
13	7356	0.0
16	7356	0.0
14	7356	0.0
14	7356	0.0
14	7356	0.0
18	7354	0.0
6	7355	0.0
9	7355	0.0
14	7355	0.0
12	7355	0.0
23	7356	0.0
13	7356	0.0
7	7356	0.0
11	7356	0.0
15	7355	0.0
21	7355	0.0
6	7354	0.0
6	7355	0.0
12	7356	0.0
10	7356	0.0
26	7356	0.0
18	7356	0.0
24	7333	0.0
16	7356	0.0
21	7356	0.0
24	7356	0.0
14	7355	0.0
7	7351	0.0
7	7351	0.0
14	7351	0.0
6	7351	0.0
17	7352	0.0
11	7352	0.0
9	7352	0.0
9	7352	0.0
16	7352	0.0
8	7351	0.0
17	7352	0.0
7	7351	0.0
22	7349	0.0
17	7349	0.0
20	7348	0.0
23	7348	0.0
20	7315	0.0
6	7315	0.0
13	10949	0.0
9	10954	0.0
7	10954	0.0
17	10959	0.0
25	10959	0.0
33	10959	0.0
8	10959	0.0
29	10959	0.0
14	10959	0.0
10	10959	0.0
20	10959	0.0
9	10959	0.0
6	10959	0.0
23	10959	0.0
20	10959	0.0
23	10959	0.0
17	10959	0.0
6	10959	0.0
9	10959	0.0
21	10957	0.0
19	10957	0.0
24	10958	0.0
23	10959	0.0
15	10959	0.0
11	10959	0.0
13	10959	0.0
14	10959	0.0
11	10959	0.0
6	10959	0.0
17	10959	0.0
11	10958	0.0
16	10958	0.0
22	10957	0.0
16	10957	0.0
8	10957	0.0
8	10958	0.0
6	10957	0.0
17	10958	0.0
21	10958	0.0
6	10957	0.0
20	10957	0.0
17	10957	0.0
18	10957	0.0
13	10955	0.0
19	10955	0.0
18	10955	0.0
20	10956	0.0
16	10956	0.0
8	10956	0.0
16	10958	0.0
13	10958	0.0
12	10958	0.0
12	10958	0.0
27	10958	0.0
28	10957	0.0
8	10958	0.0
9	10958	0.0
10	10958	0.0
16	10958	0.0
10	10958	0.0
8	10958	0.0
9	10958	0.0
7	10958	0.0
11	10958	0.0
19	10957	0.0
8	10957	0.0
15	10957	0.0
10	10958	0.0
10	10958	0.0
19	10958	0.0
12	10958	0.0
15	10958	0.0
8	10957	0.0
10	10958	0.0
6	10958	0.0
28	10971	0.0
8	10977	0.0
10	10983	0.0
11	10993	0.0
13	6564	0.0
6	6564	0.0
10	6564	0.0
148	6564	0.0
19	6564	0.0
17	6564	0.0
59	629	0.0
45	629	0.0
39	629	0.0
9	14189	0.0
7	14267	0.0
8	14277	0.0
9	14280	0.0
13	14280	0.0
12	14281	0.0
19	14281	0.0
13	14281	0.0
41	14275	0.0
10	14275	0.0
25	14275	0.0
15	14274	0.0
22	14274	0.0
18	14274	0.0
10	14275	0.0
35	14275	0.0
8	14275	0.0
32	14275	0.0
10	14275	0.0
11	14275	0.0
18	14274	0.0
26	14274	0.0
22	14275	0.0
32	14274	0.0
13	14274	0.0
27	14274	0.0
23	14275	0.0
27	14275	0.0
26	14275	0.0
12	14274	0.0
30	14274	0.0
10	14274	0.0
24	14274	0.0
31	14275	0.0
6	14275	0.0
28	14275	0.0
23	14275	0.0
13	14275	0.0
51	14271	0.0
28	14271	0.0
30	14271	0.0
15	14271	0.0
18	14274	0.0
25	14274	0.0
23	14274	0.0
10	14274	0.0
29	14275	0.0
22	14275	0.0
26	14274	0.0
19	14273	0.0
11	14273	0.0
19	14273	0.0
11	14273	0.0
10	14273	0.0
10	14274	0.0
18	14275	0.0
12	14275	0.0
19	14275	0.0
23	14275	0.0
34	14275	0.0
6	14274	0.0
21	14274	0.0
8	14274	0.0
16	14274	0.0
18	14275	0.0
26	14275	0.0
39	14275	0.0
30	14275	0.0
25	14275	0.0
7	14271	0.0
14	14271	0.0
20	14271	0.0
31	14271	0.0
32	14274	0.0
6	14273	0.0
32	14273	0.0
29	14273	0.0
6	14273	0.0
6	14272	0.0
17	14272	0.0
17	14272	0.0
16	14274	0.0
17	14274	0.0
49	14270	0.0
25	14270	0.0
20	14270	0.0
30	14271	0.0
27	14271	0.0
18	14271	0.0
31	14271	0.0
27	14261	0.0
24	14261	0.0
34	14261	0.0
21	14262	0.0
25	14271	0.0
22	14304	0.0
21	14323	0.0
9	14370	0.0
10	14370	0.0
6	19623	0.0
18	19623	0.0
10	19742	0.0
14	19764	0.0
6	19771	0.0
9	19775	0.0
12	19775	0.0
10	19777	0.0
15	19778	0.0
34	19778	0.0
38	19778	0.0
30	19777	0.0
42	19777	0.0
48	19777	0.0
41	19777	0.0
43	19776	0.0
46	19777	0.0
9	19759	0.0
47	19759	0.0
27	19759	0.0
42	19759	0.0
44	19759	0.0
42	19759	0.0
32	19759	0.0
10	19763	0.0
7	19763	0.0
38	19763	0.0
21	19763	0.0
9	19763	0.0
26	19763	0.0
31	19764	0.0
33	19764	0.0
51	19764	0.0
6	19764	0.0
33	19764	0.0
47	19763	0.0
6	19755	0.0
69	19755	0.0
34	19755	0.0
36	19755	0.0
47	19764	0.0
15	19765	0.0
7	19765	0.0
47	19765	0.0
39	19765	0.0
23	19765	0.0
26	19765	0.0
37	19765	0.0
26	19764	0.0
21	19765	0.0
41	19765	0.0
8	19763	0.0
38	19763	0.0
44	19763	0.0
49	19763	0.0
21	19764	0.0
20	19764	0.0
36	19764	0.0
9	19763	0.0
50	19763	0.0
31	19763	0.0
35	19763	0.0
40	19763	0.0
30	19764	0.0
19	19764	0.0
14	19764	0.0
26	19764	0.0
19	19764	0.0
22	19764	0.0
29	19764	0.0
16	19764	0.0
25	19763	0.0
19	19763	0.0
22	19763	0.0
8	19762	0.0
15	19762	0.0
22	19762	0.0
18	19762	0.0
29	19762	0.0
27	19762	0.0
25	19762	0.0
20	19762	0.0
11	19762	0.0
22	19762	0.0
8	19762	0.0
47	19762	0.0
8	19762	0.0
10	19790	0.0
23	19790	0.0
7	19795	0.0
7	19795	0.0
21	32565	0.0
6	32728	0.0
20	32728	0.0
12	32748	0.0
10	32762	0.0
24	32762	0.0
12	32763	0.0
28	32763	0.0
6	32759	0.0
7	32764	0.0
6	32761	0.0
8	32761	0.0
14	32768	0.0
10	32768	0.0
8	32768	0.0
47	32614	0.0
46	32606	0.0
14	32579	0.0
57	32579	0.0
116	32579	0.0
8	32580	0.0
71	32580	0.0
9	32598	0.0
64	32598	0.0
72	32598	0.0
70	32598	0.0
18	32595	0.0
7	32595	0.0
42	32595	0.0
54	32595	0.0
9	32591	0.0
114	32591	0.0
75	32591	0.0
58	32591	0.0
61	32598	0.0
8	32587	0.0
85	32587	0.0
88	32587	0.0
42	32587	0.0
55	32587	0.0
7	32600	0.0
54	32600	0.0
39	32600	0.0
33	32600	0.0
7	32600	0.0
37	32600	0.0
7	32600	0.0
51	32600	0.0
66	32600	0.0
8	32599	0.0
65	32599	0.0
50	32596	0.0
76	32596	0.0
78	32595	0.0
50	32599	0.0
87	32599	0.0
6	32597	0.0
61	32597	0.0
51	32597	0.0
83	32599	0.0
73	32597	0.0
61	32597	0.0
62	32598	0.0
11	32593	0.0
6	32593	0.0
48	32593	0.0
52	32594	0.0
51	32596	0.0
8	32596	0.0
12	32596	0.0
79	32596	0.0
6	32596	0.0
6	32596	0.0
54	32596	0.0
17	32583	0.0
54	32583	0.0
8	32583	0.0
8	32583	0.0
50	32583	0.0
45	32572	0.0
52	32572	0.0
8	32571	0.0
59	32571	0.0
9	32582	0.0
54	32582	0.0
11	32583	0.0
7	32583	0.0
58	32583	0.0
8	32583	0.0
48	32583	0.0
41	32583	0.0
27	32583	0.0
6	32583	0.0
35	32583	0.0
64	32588	0.0
13	32587	0.0
52	32587	0.0
7	32587	0.0
60	32587	0.0
50	32587	0.0
55	32587	0.0
62	32619	0.0
6	32597	0.0
6	32597	0.0
37	32597	0.0
16	32597	0.0
6	32616	0.0
6	32616	0.0
10	32617	0.0
7	32614	0.0
8	32614	0.0
6	32617	0.0
311	9981	0.0
55	9981	0.0
145	9981	0.0
116	9981	0.0
13	14421	0.0
7	14502	0.0
9	14512	0.0
8	14515	0.0
10	14515	0.0
29	14508	0.0
32	14508	0.0
15	14508	0.0
17	14508	0.0
21	14508	0.0
14	14508	0.0
29	14508	0.0
18	14513	0.0
30	14512	0.0
14	14512	0.0
22	14512	0.0
20	14512	0.0
26	14508	0.0
33	14508	0.0
26	14508	0.0
28	14513	0.0
36	14513	0.0
27	14513	0.0
31	14513	0.0
52	14513	0.0
6	14513	0.0
24	14513	0.0
35	14512	0.0
44	14511	0.0
8	14512	0.0
37	14512	0.0
25	14507	0.0
29	14507	0.0
34	14503	0.0
33	14507	0.0
7	14506	0.0
34	14512	0.0
12	14511	0.0
19	14511	0.0
35	14511	0.0
9	14511	0.0
15	14511	0.0
25	14512	0.0
27	14512	0.0
36	14512	0.0
19	14509	0.0
10	14509	0.0
27	14510	0.0
24	14509	0.0
32	14509	0.0
25	14509	0.0
11	14511	0.0
28	14510	0.0
7	14510	0.0
15	14511	0.0
11	14511	0.0
7	14511	0.0
40	14510	0.0
10	14510	0.0
13	14511	0.0
24	14511	0.0
13	14511	0.0
11	14509	0.0
23	14509	0.0
20	14509	0.0
16	14509	0.0
17	14509	0.0
30	14510	0.0
37	14510	0.0
22	14510	0.0
8	14510	0.0
11	14510	0.0
11	14510	0.0
24	14510	0.0
40	14510	0.0
14	14509	0.0
16	14510	0.0
14	14510	0.0
14	14510	0.0
28	14507	0.0
26	14507	0.0
20	14507	0.0
31	14508	0.0
34	14509	0.0
27	14503	0.0
24	14503	0.0
26	14503	0.0
23	14504	0.0
18	14510	0.0
29	14510	0.0
8	14507	0.0
9	14507	0.0
18	14507	0.0
22	14508	0.0
27	14509	0.0
24	14509	0.0
19	14510	0.0
10	14510	0.0
12	14510	0.0
23	14510	0.0
27	14511	0.0
20	14511	0.0
18	14509	0.0
24	14490	0.0
