AO	DP	AF
8	45433	0.0
7	45657	0.0
48	45662	0.0
16	45662	0.0
13	45662	0.0
19	45662	0.0
20	45647	0.0
7	45649	0.0
30	45649	0.0
21	45650	0.0
25	45644	0.0
26	45650	0.0
25	45650	0.0
28	45650	0.0
7	45650	0.0
6	45650	0.0
20	45650	0.0
7	45649	0.0
38	45650	0.0
8	45650	0.0
6	45651	0.0
16	45651	0.0
18	45651	0.0
20	45649	0.0
23	45649	0.0
29	45651	0.0
20	45651	0.0
7	45651	0.0
27	45651	0.0
14	45651	0.0
7	45649	0.0
27	45649	0.0
22	45650	0.0
6	45649	0.0
14	45649	0.0
20	45649	0.0
19	45648	0.0
18	45648	0.0
6	45649	0.0
6	45649	0.0
7	45645	0.0
6	45645	0.0
17	45645	0.0
6	45645	0.0
11	45645	0.0
25	45645	0.0
7	45643	0.0
7	23196	0.0
8	23211	0.0
15	23178	0.0
8	23176	0.0
8	23177	0.0
8	23177	0.0
14	23177	0.0
15	23177	0.0
6	23175	0.0
7	23175	0.0
9	23176	0.0
12	23175	0.0
13	23176	0.0
12	23176	0.0
10	23176	0.0
6	23176	0.0
14	23175	0.0
12	23176	0.0
8	23176	0.0
7	23175	0.0
17	23175	0.0
9	23173	0.0
8	23173	0.0
7	23147	0.0
8	23147	0.0
9	35178	0.0
16	35213	0.0
15	35213	0.0
14	35213	0.0
14	35213	0.0
8	35211	0.0
11	35211	0.0
15	35211	0.0
23	35211	0.0
23	35210	0.0
8	35208	0.0
19	35208	0.0
20	35210	0.0
23	35210	0.0
19	35216	0.0
18	35216	0.0
19	35216	0.0
16	35216	0.0
31	35216	0.0
19	35215	0.0
7	35216	0.0
7	35216	0.0
20	35216	0.0
23	35216	0.0
6	35216	0.0
23	35216	0.0
15	35216	0.0
14	35216	0.0
14	35214	0.0
14	35214	0.0
13	35214	0.0
7	35214	0.0
19	35214	0.0
15	35213	0.0
6	35213	0.0
16	35211	0.0
15	35212	0.0
19	35211	0.0
12	35210	0.0
21	35203	0.0
14	725	0.0
6	35165	0.0
6	35210	0.0
9	35210	0.0
35	35210	0.0
13	35209	0.0
15	35210	0.0
6	35210	0.0
46	35210	0.0
13	35210	0.0
15	35210	0.0
6	35209	0.0
6	35209	0.0
33	35209	0.0
10	35209	0.0
6	35210	0.0
21	34024	0.0
15	34024	0.0
13	34024	0.0
6	34024	0.0
20	34024	0.0
14	34024	0.0
15	34024	0.0
9	34023	0.0
6	34023	0.0
17	34022	0.0
6	34023	0.0
14	34023	0.0
16	34022	0.0
10	34021	0.0
19	33958	0.0
9	1363	0.0
10	50014	0.0
6	50275	0.0
7	50275	0.0
14	50275	0.0
23	50274	0.0
45	50275	0.0
6	50275	0.0
18	50275	0.0
26	50274	0.0
6	50274	0.0
7	50274	0.0
18	50275	0.0
20	50275	0.0
22	50272	0.0
6	50272	0.0
24	50273	0.0
15	50276	0.0
24	50275	0.0
8	50276	0.0
18	50276	0.0
20	50276	0.0
27	50275	0.0
6	50276	0.0
22	50276	0.0
26	50275	0.0
6	50275	0.0
18	50273	0.0
17	50273	0.0
12	50272	0.0
21	50273	0.0
7	50270	0.0
22	50270	0.0
30	50273	0.0
17	50273	0.0
24	50272	0.0
25	50273	0.0
21	50272	0.0
27	50272	0.0
8	50270	0.0
11	50270	0.0
6	50269	0.0
29	50266	0.0
20	50267	0.0
6	50267	0.0
16	50265	0.0
25	50264	0.0
20	50263	0.0
14	20007	0.0
17	20006	0.0
6	20006	0.0
9	20006	0.0
10	20006	0.0
8	20005	0.0
13	20006	0.0
10	20006	0.0
10	20005	0.0
10	20005	0.0
13	20006	0.0
9	20005	0.0
10	20007	0.0
13	20005	0.0
18	20005	0.0
6	20010	0.0
12	20010	0.0
11	20010	0.0
9	20009	0.0
9	20010	0.0
24	20010	0.0
9	20010	0.0
8	20009	0.0
10	19969	0.0
8	49134	0.0
8	49186	0.0
7	49195	0.0
26	49197	0.0
19	49197	0.0
20	49197	0.0
20	49197	0.0
6	49197	0.0
20	49197	0.0
29	49197	0.0
26	49197	0.0
7	49197	0.0
9	49197	0.0
6	49197	0.0
25	49197	0.0
29	49196	0.0
27	49195	0.0
25	49195	0.0
31	49195	0.0
29	49195	0.0
19	49195	0.0
22	49196	0.0
24	49194	0.0
20	49194	0.0
23	49195	0.0
18	49196	0.0
17	49197	0.0
7	49197	0.0
22	49197	0.0
6	49197	0.0
6	49196	0.0
39	49195	0.0
22	49195	0.0
6	49195	0.0
27	49196	0.0
20	49195	0.0
32	49196	0.0
23	49196	0.0
27	49194	0.0
6	49194	0.0
22	49195	0.0
27	49200	0.0
31	49200	0.0
9	49201	0.0
20	49201	0.0
27	49202	0.0
16	49201	0.0
22	49201	0.0
23	49200	0.0
23	49197	0.0
7	49195	0.0
29	49198	0.0
6	49250	0.0
13	35500	0.0
6	35556	0.0
11	35550	0.0
6	35521	0.0
22	35520	0.0
14	35520	0.0
10	35521	0.0
8	35520	0.0
8	35521	0.0
19	35520	0.0
16	35521	0.0
26	35521	0.0
7	35521	0.0
13	35521	0.0
23	35521	0.0
18	35521	0.0
16	35521	0.0
22	35519	0.0
16	35519	0.0
18	35516	0.0
11	54648	0.0
11	55021	0.0
7	55059	0.0
8	55072	0.0
26	55072	0.0
22	54155	0.0
29	53524	0.0
6	53459	0.0
6	53311	0.0
7	53307	0.0
7	53301	0.0
24	53301	0.0
22	53301	0.0
6	53301	0.0
6	53301	0.0
7	53301	0.0
18	53301	0.0
8	53301	0.0
6	53301	0.0
27	53301	0.0
29	53301	0.0
32	53301	0.0
6	53301	0.0
7	53301	0.0
26	53301	0.0
26	53301	0.0
8	53301	0.0
9	53301	0.0
6	53300	0.0
6	53300	0.0
28	53299	0.0
28	53299	0.0
24	53300	0.0
26	53299	0.0
20	53300	0.0
21	53300	0.0
19	53300	0.0
7	53299	0.0
21	53300	0.0
36	53299	0.0
30	53299	0.0
27	53299	0.0
8	53300	0.0
30	53300	0.0
28	53300	0.0
7	53301	0.0
11	53301	0.0
10	53382	0.0
6	53407	0.0
32	53407	0.0
6	53470	0.0
7	38608	0.0
17	38608	0.0
25	38608	0.0
26	38608	0.0
19	38607	0.0
23	38607	0.0
11	38606	0.0
18	38607	0.0
16	38605	0.0
29	38607	0.0
6	38607	0.0
10	38607	0.0
7	38607	0.0
6	38607	0.0
12	38606	0.0
7	38607	0.0
16	38607	0.0
6	38607	0.0
13	38607	0.0
12	38607	0.0
6	38607	0.0
14	38607	0.0
17	38607	0.0
7	38605	0.0
24	38605	0.0
14	38606	0.0
21	38607	0.0
21	38607	0.0
20	38607	0.0
7	38607	0.0
17	38607	0.0
18	38607	0.0
17	38607	0.0
7	38607	0.0
21	38602	0.0
14	38602	0.0
6	38604	0.0
9	38604	0.0
27	38604	0.0
10	38604	0.0
17	38601	0.0
25	38601	0.0
16	29580	0.0
10	29580	0.0
6	29565	0.0
18	29561	0.0
14	29561	0.0
15	29561	0.0
18	29561	0.0
13	29565	0.0
14	29565	0.0
12	29565	0.0
29	29565	0.0
19	29565	0.0
21	29565	0.0
9	29564	0.0
14	29567	0.0
12	29567	0.0
15	29566	0.0
17	29566	0.0
10	29566	0.0
6	29566	0.0
6	29566	0.0
7	29605	0.0
14	29960	0.0
9	29960	0.0
7	29963	0.0
6	29959	0.0
6	45354	0.0
6	45354	0.0
21	44813	0.0
6	44794	0.0
6	44794	0.0
37	44794	0.0
15	44794	0.0
15	44805	0.0
14	44803	0.0
20	44804	0.0
27	44804	0.0
17	44805	0.0
14	44804	0.0
15	44804	0.0
20	44804	0.0
12	44805	0.0
18	44805	0.0
7	44805	0.0
21	44804	0.0
25	44805	0.0
25	44805	0.0
24	44805	0.0
21	44805	0.0
6	44804	0.0
18	44804	0.0
39	44803	0.0
6	44803	0.0
18	44804	0.0
12	44802	0.0
6	44803	0.0
9	44803	0.0
6	44803	0.0
13	44801	0.0
14	44802	0.0
23	44802	0.0
21	44800	0.0
17	44800	0.0
28	44801	0.0
22	44800	0.0
16	44801	0.0
19	44801	0.0
7	44800	0.0
21	44798	0.0
23	44798	0.0
34	44797	0.0
6	33307	0.0
6	33314	0.0
26	33296	0.0
7	33296	0.0
9	33296	0.0
18	33297	0.0
11	33296	0.0
21	33296	0.0
7	33295	0.0
26	33293	0.0
20	33294	0.0
21	33295	0.0
15	33295	0.0
16	33296	0.0
13	33296	0.0
10	33296	0.0
15	33296	0.0
17	33295	0.0
17	33296	0.0
21	33296	0.0
6	33296	0.0
25	33296	0.0
6	33296	0.0
6	33296	0.0
7	33297	0.0
12	33296	0.0
33	33301	0.0
22	33826	0.0
15	33876	0.0
24	33958	0.0
8	33327	0.0
14	33390	0.0
7	33390	0.0
14	33390	0.0
17	33389	0.0
23	33386	0.0
16	33386	0.0
15	33390	0.0
16	33390	0.0
11	33389	0.0
10	33390	0.0
15	33390	0.0
8	33390	0.0
8	33390	0.0
18	33390	0.0
18	33390	0.0
13	33390	0.0
15	33390	0.0
12	33390	0.0
19	33389	0.0
23	33388	0.0
13	33387	0.0
12	33387	0.0
27	33389	0.0
14	33387	0.0
15	33388	0.0
17	33388	0.0
7	33386	0.0
17	33384	0.0
10	51763	0.0
7	51834	0.0
9	51833	0.0
6	51834	0.0
6	51834	0.0
26	51834	0.0
20	51834	0.0
7	51834	0.0
6	51834	0.0
24	51833	0.0
27	51833	0.0
8	51833	0.0
25	51834	0.0
33	51834	0.0
22	51834	0.0
8	51834	0.0
7	51834	0.0
12	51834	0.0
6	51834	0.0
16	51834	0.0
26	51834	0.0
25	51833	0.0
6	51833	0.0
31	51834	0.0
17	51834	0.0
17	51833	0.0
6	51833	0.0
17	51833	0.0
6	51833	0.0
20	51834	0.0
24	51834	0.0
22	51834	0.0
30	51829	0.0
6	51829	0.0
28	51830	0.0
27	51830	0.0
17	51830	0.0
26	51832	0.0
7	51832	0.0
10	51832	0.0
24	51832	0.0
7	51831	0.0
13	51831	0.0
6	51833	0.0
15	51860	0.0
9	51841	0.0
6	51841	0.0
61	51841	0.0
15	3784	0.0
36	513	0.0
11	1427	0.0
53	1427	0.0
16	20332	0.0
10	20332	0.0
6	20332	0.0
9	20332	0.0
10	20331	0.0
6	20332	0.0
6	20332	0.0
16	20332	0.0
10	20332	0.0
6	20332	0.0
6	20332	0.0
9	20332	0.0
11	20332	0.0
7	20332	0.0
6	20332	0.0
8	20332	0.0
8	20332	0.0
7	20332	0.0
12	20332	0.0
12	20332	0.0
7	20331	0.0
10	20330	0.0
8	20328	0.0
6	46433	0.0
7	46469	0.0
7	46461	0.0
12	46471	0.0
6	46470	0.0
6	46471	0.0
7	45870	0.0
13	45870	0.0
6	45870	0.0
19	45870	0.0
24	45869	0.0
8	45869	0.0
7	45869	0.0
35	45870	0.0
6	45870	0.0
6	45870	0.0
10	45869	0.0
19	45870	0.0
22	45870	0.0
6	45870	0.0
21	45868	0.0
15	45867	0.0
24	45869	0.0
13	45867	0.0
18	45867	0.0
17	45869	0.0
7	45869	0.0
6	45869	0.0
24	45868	0.0
26	45868	0.0
16	45862	0.0
6	45862	0.0
6	45865	0.0
7	45865	0.0
15	45777	0.0
15	34276	0.0
18	34276	0.0
17	34276	0.0
17	34276	0.0
25	34276	0.0
6	34275	0.0
14	34276	0.0
36	34276	0.0
23	34275	0.0
13	34275	0.0
16	34274	0.0
13	34274	0.0
18	34277	0.0
12	34277	0.0
19	34281	0.0
16	34281	0.0
20	34284	0.0
22	34284	0.0
16	34284	0.0
13	34284	0.0
40	34284	0.0
12	34284	0.0
20	34284	0.0
39	34282	0.0
7	34282	0.0
27	34282	0.0
14	34282	0.0
11	34284	0.0
22	34280	0.0
7	34280	0.0
20	34280	0.0
20	34285	0.0
15	34287	0.0
11	34293	0.0
13	34301	0.0
18	34372	0.0
8	34374	0.0
9	34374	0.0
9	34386	0.0
11	58045	0.0
26	58397	0.0
13	58405	0.0
7	58408	0.0
12	58412	0.0
6	58412	0.0
6	58411	0.0
14	58411	0.0
21	58412	0.0
23	58412	0.0
16	58412	0.0
6	58412	0.0
7	58412	0.0
6	58411	0.0
6	58412	0.0
6	58412	0.0
14	58412	0.0
8	58412	0.0
20	58411	0.0
6	58412	0.0
7	58412	0.0
19	58412	0.0
6	58412	0.0
26	58412	0.0
36	58412	0.0
7	58412	0.0
16	58412	0.0
24	58411	0.0
23	58412	0.0
30	58412	0.0
49	58411	0.0
8	58411	0.0
6	58411	0.0
29	58411	0.0
16	58411	0.0
16	58412	0.0
9	58411	0.0
7	58411	0.0
23	58411	0.0
8	58411	0.0
20	58411	0.0
6	58411	0.0
28	58411	0.0
23	58411	0.0
29	58411	0.0
23	58411	0.0
22	58411	0.0
12	58411	0.0
6	58411	0.0
23	58411	0.0
6	58410	0.0
7	58407	0.0
14	58407	0.0
24	58407	0.0
27	58408	0.0
59	58405	0.0
7	58405	0.0
30	58400	0.0
17	58400	0.0
25	58399	0.0
30	58286	0.0
6	37248	0.0
14	37257	0.0
10	37256	0.0
17	37257	0.0
13	37257	0.0
16	37257	0.0
8	37257	0.0
13	37257	0.0
12	37257	0.0
24	37257	0.0
17	37257	0.0
10	37256	0.0
16	37256	0.0
23	37257	0.0
8	37257	0.0
10	37257	0.0
11	37257	0.0
12	37257	0.0
15	37257	0.0
15	37257	0.0
18	37257	0.0
10	37256	0.0
21	37257	0.0
16	37257	0.0
13	37256	0.0
13	37257	0.0
21	37257	0.0
9	37257	0.0
10	37257	0.0
9	37257	0.0
8	37257	0.0
20	37257	0.0
18	37257	0.0
12	37254	0.0
16	37254	0.0
14	37252	0.0
12	37252	0.0
12	37245	0.0
14	37245	0.0
13	37194	0.0
13	570	0.0
8	20537	0.0
20	20709	0.0
11	20617	0.0
13	20618	0.0
20	20617	0.0
10	20618	0.0
13	20618	0.0
11	20618	0.0
6	20618	0.0
13	20618	0.0
6	20617	0.0
7	20618	0.0
11	20618	0.0
11	20617	0.0
7	20618	0.0
18	20618	0.0
14	20618	0.0
16	20618	0.0
8	20618	0.0
15	20618	0.0
18	20618	0.0
14	20618	0.0
20	20617	0.0
7	20618	0.0
12	20617	0.0
12	20616	0.0
6	20426	0.0
8	20425	0.0
13	20424	0.0
9	20425	0.0
12	20426	0.0
8	20425	0.0
9	20426	0.0
11	20426	0.0
15	20426	0.0
9	20426	0.0
9	20426	0.0
13	20426	0.0
10	20426	0.0
13	20426	0.0
7	20428	0.0
7	20428	0.0
13	20426	0.0
6	20427	0.0
8	20426	0.0
16	20426	0.0
25	29598	0.0
10	29599	0.0
9	29498	0.0
21	29491	0.0
14	29488	0.0
12	29488	0.0
16	29488	0.0
12	29488	0.0
28	29487	0.0
10	29488	0.0
13	29488	0.0
13	29488	0.0
15	29486	0.0
13	29486	0.0
12	29487	0.0
9	29488	0.0
11	29488	0.0
17	29488	0.0
17	29487	0.0
16	29487	0.0
11	29488	0.0
14	29670	0.0
8	28652	0.0
8	28670	0.0
18	28670	0.0
11	28670	0.0
24	28541	0.0
14	28541	0.0
18	28543	0.0
6	28543	0.0
16	28543	0.0
10	28543	0.0
20	28542	0.0
17	28543	0.0
17	28542	0.0
11	28543	0.0
11	28543	0.0
6	28542	0.0
11	28543	0.0
6	28543	0.0
13	28543	0.0
13	28543	0.0
16	28541	0.0
17	28543	0.0
14	28543	0.0
12	28543	0.0
6	28542	0.0
7	28542	0.0
6	28541	0.0
34	859	0.0
6	45037	0.0
30	45038	0.0
6	45038	0.0
21	45038	0.0
10	45038	0.0
17	45036	0.0
17	45038	0.0
6	45037	0.0
8	45038	0.0
23	45037	0.0
8	45038	0.0
12	45038	0.0
26	45038	0.0
7	45036	0.0
17	45037	0.0
18	45038	0.0
14	45038	0.0
36	45038	0.0
9	45038	0.0
13	45036	0.0
6	45036	0.0
14	45038	0.0
14	45036	0.0
13	45035	0.0
35	45034	0.0
6	45035	0.0
19	45032	0.0
11	45031	0.0
27	45022	0.0
14	45022	0.0
22	45022	0.0
21	45022	0.0
20	45022	0.0
17	45022	0.0
20	45022	0.0
16	45022	0.0
28	45022	0.0
12	28970	0.0
22	28970	0.0
19	28970	0.0
7	28969	0.0
14	28970	0.0
13	28970	0.0
14	28969	0.0
20	28968	0.0
19	28969	0.0
11	28969	0.0
19	28969	0.0
6	29005	0.0
16	29004	0.0
17	29005	0.0
16	29004	0.0
18	29004	0.0
18	29004	0.0
14	29006	0.0
21	29005	0.0
16	29054	0.0
6	29082	0.0
10	29082	0.0
6	29082	0.0
12	30995	0.0
9	30995	0.0
8	30994	0.0
30	30994	0.0
11	30991	0.0
6	30992	0.0
7	30992	0.0
10	30992	0.0
15	30992	0.0
12	30991	0.0
7	30992	0.0
13	30991	0.0
14	30992	0.0
11	30992	0.0
9	30993	0.0
9	30993	0.0
18	30993	0.0
6	30993	0.0
20	30993	0.0
7	30993	0.0
14	30989	0.0
18	30990	0.0
17	30990	0.0
17	30990	0.0
16	30990	0.0
10	30989	0.0
16	30989	0.0
18	30989	0.0
11	30988	0.0
7	23676	0.0
6	23686	0.0
8	23697	0.0
9	23698	0.0
8	23698	0.0
11	23696	0.0
12	23695	0.0
8	23695	0.0
7	23695	0.0
13	23695	0.0
9	23695	0.0
12	23695	0.0
15	23695	0.0
8	23696	0.0
16	23697	0.0
10	23696	0.0
7	23697	0.0
6	23697	0.0
6	23697	0.0
16	23697	0.0
13	23697	0.0
13	23709	0.0
6	23795	0.0
7	38373	0.0
10	38626	0.0
6	38629	0.0
19	38569	0.0
20	38568	0.0
9	38568	0.0
20	38567	0.0
6	38567	0.0
6	38568	0.0
11	38568	0.0
12	38567	0.0
7	38567	0.0
19	38567	0.0
25	38568	0.0
7	38568	0.0
33	38567	0.0
33	38566	0.0
15	38567	0.0
12	38567	0.0
15	38567	0.0
10	38567	0.0
20	38567	0.0
9	38567	0.0
13	38567	0.0
11	38567	0.0
15	38566	0.0
11	38566	0.0
20	38566	0.0
28	38566	0.0
21	38565	0.0
10	38565	0.0
6	38563	0.0
17	38564	0.0
20	38564	0.0
26	38564	0.0
22	38565	0.0
7	38565	0.0
23	38561	0.0
35	38507	0.0
10	29400	0.0
11	29215	0.0
12	29202	0.0
30	29201	0.0
6	29200	0.0
15	29201	0.0
17	29202	0.0
11	29202	0.0
8	29201	0.0
18	29202	0.0
6	29201	0.0
11	29202	0.0
30	29200	0.0
8	29200	0.0
12	29200	0.0
14	29202	0.0
17	29201	0.0
20	29202	0.0
10	29202	0.0
13	29202	0.0
12	29203	0.0
24	29203	0.0
6	29203	0.0
11	29201	0.0
6	29201	0.0
6	29280	0.0
10	29297	0.0
18	29295	0.0
6	29295	0.0
6	49960	0.0
6	49958	0.0
6	49961	0.0
14	49961	0.0
7	49961	0.0
16	47801	0.0
18	47749	0.0
20	47739	0.0
42	47740	0.0
9	47740	0.0
7	47740	0.0
21	47739	0.0
15	47738	0.0
33	47736	0.0
6	47736	0.0
22	47736	0.0
20	47739	0.0
15	47739	0.0
13	47739	0.0
6	47739	0.0
18	47739	0.0
7	47739	0.0
25	47738	0.0
16	47737	0.0
7	47736	0.0
7	47736	0.0
6	47736	0.0
8	47736	0.0
7	47736	0.0
6	47738	0.0
6	47736	0.0
10	47736	0.0
18	47736	0.0
11	47736	0.0
24	47736	0.0
18	47738	0.0
18	47739	0.0
19	47786	0.0
26	47791	0.0
8	47773	0.0
29	47773	0.0
9	47773	0.0
8	37231	0.0
6	37259	0.0
6	37259	0.0
16	37258	0.0
6	37258	0.0
12	37259	0.0
13	37259	0.0
15	37259	0.0
21	37259	0.0
19	37259	0.0
16	37259	0.0
12	37258	0.0
34	37258	0.0
9	37258	0.0
18	37259	0.0
7	37259	0.0
13	37258	0.0
11	37258	0.0
10	37258	0.0
14	37259	0.0
20	37258	0.0
7	37258	0.0
21	37259	0.0
9	37259	0.0
21	37259	0.0
14	37259	0.0
8	37259	0.0
33	37259	0.0
11	37259	0.0
6	37259	0.0
12	37259	0.0
19	37259	0.0
20	37254	0.0
32	37254	0.0
7	37254	0.0
8	37254	0.0
9	37254	0.0
15	37254	0.0
19	37190	0.0
8	1319	0.0
