AO	DP	AF
5435	5441	1.0
563	563	1.0
733	1456	0.5
915	918	1.0
22775	45644	0.5
479	727	0.5
831	847	1.0
2166	2180	1.0
18236	35513	0.5
18228	35512	0.5
18218	35518	0.5
538	538	1.0
534	535	1.0
1016	1020	1.0
1302	1302	1.0
657	657	1.0
729	740	1.0
729	740	1.0
25643	51824	0.5
568	570	1.0
513	519	1.0
444	519	1.0
263	709	0.5
1409	1412	1.0
1394	1412	1.0
1419	1426	1.0
962	964	1.0
975	975	1.0
977	980	1.0
243	646	0.5
244	646	0.5
243	646	0.5
243	646	0.5
290	646	0.5
93	648	0.5
625	648	1.0
501	514	1.0
517	517	1.0
16898	34281	0.5
1091	1095	1.0
502	504	1.0
465	833	0.5
767	879	0.5
15200	29001	0.5
684	690	1.0
531	531	1.0
1840	1842	1.0
1839	1839	1.0
631	632	1.0
160	1084	0.5
187	1084	0.5
686	1319	0.5
