AO	DP	AF
11	88014	0.0
8	88406	0.0
8	88420	0.0
6	88420	0.0
8	88425	0.0
6	88428	0.0
9	88427	0.0
8	88425	0.0
11	88425	0.0
8	88427	0.0
6	88422	0.0
40	88425	0.0
8	88425	0.0
34	88425	0.0
7	88425	0.0
11	88425	0.0
19	88425	0.0
39	88425	0.0
10	88407	0.0
8	88407	0.0
6	88407	0.0
37	88407	0.0
6	88407	0.0
7	88410	0.0
6	88410	0.0
33	88410	0.0
34	88410	0.0
36	88404	0.0
11	88404	0.0
8	88404	0.0
30	88413	0.0
39	88413	0.0
35	88414	0.0
7	88414	0.0
13	88414	0.0
12	88414	0.0
6	88414	0.0
7	88414	0.0
8	88414	0.0
33	88414	0.0
6	88414	0.0
7	88414	0.0
9	88414	0.0
56	88413	0.0
9	88413	0.0
11	88413	0.0
6	88414	0.0
7	88414	0.0
38	88414	0.0
50	88414	0.0
9	88414	0.0
6	88413	0.0
7	88413	0.0
14	88413	0.0
9	88413	0.0
36	88414	0.0
45	88413	0.0
9	88413	0.0
41	88414	0.0
31	88413	0.0
6	88413	0.0
9	88413	0.0
6	88414	0.0
10	88414	0.0
7	88414	0.0
6	88409	0.0
14	88409	0.0
44	88409	0.0
36	88409	0.0
9	88409	0.0
48	88413	0.0
6	88413	0.0
8	88413	0.0
6	88413	0.0
6	88413	0.0
22	88413	0.0
9	88413	0.0
41	88411	0.0
7	88412	0.0
40	88413	0.0
6	88413	0.0
7	88413	0.0
6	88413	0.0
6	88413	0.0
30	88413	0.0
6	88413	0.0
45	88410	0.0
42	88411	0.0
41	88407	0.0
7	88407	0.0
7	88407	0.0
10	88408	0.0
6	88408	0.0
8	88408	0.0
10	88408	0.0
9	88406	0.0
15	88405	0.0
7	88403	0.0
6	88403	0.0
8	88402	0.0
6	88402	0.0
10	88401	0.0
8	88401	0.0
38	88400	0.0
6	88395	0.0
7	88395	0.0
9	88395	0.0
17	88395	0.0
9	88395	0.0
33	88387	0.0
7	88387	0.0
7	36283	0.0
16	36527	0.0
6	36540	0.0
6	36551	0.0
7	36557	0.0
24	36557	0.0
20	36529	0.0
7	36527	0.0
15	36527	0.0
18	36528	0.0
15	36529	0.0
6	36529	0.0
8	36529	0.0
12	36528	0.0
6	36527	0.0
11	36527	0.0
14	36528	0.0
20	36528	0.0
7	36529	0.0
8	36529	0.0
11	36526	0.0
14	36526	0.0
15	36527	0.0
26	36528	0.0
17	36528	0.0
13	36528	0.0
18	36527	0.0
9	36525	0.0
16	36525	0.0
28	36525	0.0
6	36525	0.0
17	36526	0.0
8	36525	0.0
14	36525	0.0
16	36527	0.0
19	36526	0.0
6	36526	0.0
6	36526	0.0
15	36526	0.0
6	36525	0.0
6	36525	0.0
6	36527	0.0
7	36527	0.0
9	36527	0.0
6	36526	0.0
22	36526	0.0
12	36505	0.0
8	36505	0.0
8	36505	0.0
6	36505	0.0
8	36505	0.0
6	36504	0.0
8	64073	0.0
9	64073	0.0
6	64143	0.0
6	64143	0.0
10	64145	0.0
44	64146	0.0
30	64146	0.0
33	64146	0.0
9	64146	0.0
29	64142	0.0
8	64142	0.0
31	64142	0.0
33	64148	0.0
6	64148	0.0
29	64148	0.0
51	64148	0.0
9	64147	0.0
12	64147	0.0
7	64147	0.0
33	64147	0.0
7	64141	0.0
6	64141	0.0
35	64141	0.0
30	64141	0.0
6	64154	0.0
39	64154	0.0
27	64154	0.0
10	64157	0.0
6	64157	0.0
7	64157	0.0
30	64157	0.0
38	64157	0.0
12	64157	0.0
43	64157	0.0
32	64156	0.0
14	64156	0.0
6	64158	0.0
9	64158	0.0
10	64158	0.0
14	64158	0.0
33	64159	0.0
32	64157	0.0
11	64157	0.0
10	64157	0.0
21	64157	0.0
9	64157	0.0
28	64157	0.0
7	64158	0.0
9	64158	0.0
6	64158	0.0
37	64156	0.0
11	64156	0.0
8	64156	0.0
38	64159	0.0
11	64157	0.0
8	64157	0.0
41	64157	0.0
34	64157	0.0
6	64159	0.0
37	64159	0.0
6	64159	0.0
6	64157	0.0
7	64158	0.0
6	64158	0.0
6	64158	0.0
33	64158	0.0
37	64152	0.0
6	64152	0.0
12	64152	0.0
8	64153	0.0
6	64153	0.0
9	64153	0.0
6	64153	0.0
10	64152	0.0
30	64152	0.0
21	64152	0.0
6	64151	0.0
8	64150	0.0
6	64150	0.0
6	64150	0.0
39	64149	0.0
6	64149	0.0
7	64148	0.0
17	64148	0.0
6	64148	0.0
9	64144	0.0
8	64138	0.0
48	64136	0.0
8	56228	0.0
8	56497	0.0
12	56526	0.0
6	56556	0.0
6	56555	0.0
17	56557	0.0
67	56557	0.0
7	56556	0.0
26	56556	0.0
27	56557	0.0
8	56557	0.0
7	56557	0.0
10	56556	0.0
6	56556	0.0
55	56555	0.0
6	56555	0.0
6	56555	0.0
34	56556	0.0
21	56556	0.0
9	56556	0.0
6	56556	0.0
16	56556	0.0
8	56556	0.0
6	56550	0.0
12	56550	0.0
6	56550	0.0
6	56550	0.0
6	56550	0.0
7	56550	0.0
7	56550	0.0
44	56550	0.0
7	56550	0.0
18	56550	0.0
10	56550	0.0
20	56549	0.0
7	56549	0.0
10	56549	0.0
9	56551	0.0
7	56551	0.0
6	56551	0.0
9	56551	0.0
8	55707	0.0
8	55707	0.0
26	55707	0.0
6	55707	0.0
7	55707	0.0
7	55704	0.0
21	55704	0.0
32	55704	0.0
8	55705	0.0
7	55705	0.0
6	55706	0.0
25	55706	0.0
24	55706	0.0
29	55705	0.0
15	55704	0.0
6	55704	0.0
7	55704	0.0
7	55704	0.0
9	55704	0.0
6	55705	0.0
6	55706	0.0
6	55706	0.0
6	55706	0.0
6	55706	0.0
28	55705	0.0
10	55706	0.0
6	55705	0.0
29	55702	0.0
7	55702	0.0
7	55701	0.0
6	55701	0.0
6	55701	0.0
8	55701	0.0
7	55700	0.0
28	55700	0.0
6	55697	0.0
21	55697	0.0
21	55600	0.0
6	1456	0.0
14	85075	0.0
8	85490	0.0
19	85558	0.0
19	85581	0.0
7	85581	0.0
6	85575	0.0
11	85587	0.0
6	85587	0.0
20	85587	0.0
7	85587	0.0
42	85587	0.0
85	85587	0.0
7	85587	0.0
7	85587	0.0
6	85585	0.0
31	85585	0.0
8	85585	0.0
11	85585	0.0
40	85584	0.0
6	85586	0.0
7	85586	0.0
10	85586	0.0
37	85586	0.0
10	85586	0.0
6	85586	0.0
6	85586	0.0
39	85586	0.0
30	85585	0.0
6	85585	0.0
8	85585	0.0
40	85583	0.0
38	85583	0.0
7	85584	0.0
9	85584	0.0
40	85584	0.0
9	85584	0.0
12	85584	0.0
6	85587	0.0
7	85587	0.0
6	85587	0.0
13	85587	0.0
9	85588	0.0
39	85588	0.0
36	85583	0.0
7	85587	0.0
46	85587	0.0
6	85587	0.0
12	85587	0.0
52	85587	0.0
49	85588	0.0
7	85588	0.0
8	85588	0.0
6	85588	0.0
6	85588	0.0
9	85588	0.0
45	85587	0.0
6	85586	0.0
44	85587	0.0
8	85587	0.0
8	85587	0.0
14	85587	0.0
13	85587	0.0
6	85587	0.0
9	85587	0.0
8	85587	0.0
53	85587	0.0
7	85587	0.0
8	85581	0.0
16	85581	0.0
8	85581	0.0
42	85581	0.0
51	85587	0.0
36	85586	0.0
40	85585	0.0
9	85585	0.0
6	85585	0.0
29	85585	0.0
8	85581	0.0
6	85580	0.0
41	85583	0.0
42	85585	0.0
8	85585	0.0
8	85586	0.0
11	85584	0.0
13	85584	0.0
7	85584	0.0
31	85583	0.0
9	85582	0.0
28	85582	0.0
8	85582	0.0
7	85582	0.0
7	85582	0.0
10	85577	0.0
45	85577	0.0
6	85577	0.0
16	85577	0.0
27	85577	0.0
23	85577	0.0
7	85576	0.0
10	85572	0.0
8	85572	0.0
12	85554	0.0
6	85548	0.0
6	85435	0.0
9	37780	0.0
6	37780	0.0
6	37781	0.0
20	37773	0.0
13	37772	0.0
47	37772	0.0
20	37772	0.0
19	37772	0.0
6	37772	0.0
7	37772	0.0
26	37772	0.0
23	37772	0.0
16	37772	0.0
16	37772	0.0
23	37771	0.0
24	37773	0.0
28	37773	0.0
17	37773	0.0
7	37773	0.0
17	37775	0.0
53	37775	0.0
6	37776	0.0
29	37778	0.0
23	37777	0.0
19	37778	0.0
31	37777	0.0
16	80588	0.0
24	81424	0.0
18	81482	0.0
16	81498	0.0
6	81503	0.0
8	81497	0.0
7	81497	0.0
10	81497	0.0
6	81503	0.0
12	81509	0.0
51	81509	0.0
38	81509	0.0
10	81509	0.0
49	81509	0.0
7	81509	0.0
10	81509	0.0
39	81506	0.0
9	81506	0.0
7	81506	0.0
29	81506	0.0
37	81506	0.0
39	81505	0.0
7	81505	0.0
7	81506	0.0
8	81506	0.0
10	81509	0.0
7	81509	0.0
23	81509	0.0
9	81509	0.0
51	81507	0.0
38	81507	0.0
64	81495	0.0
40	81495	0.0
6	81495	0.0
38	81495	0.0
46	81495	0.0
43	81493	0.0
42	81501	0.0
7	81500	0.0
40	81500	0.0
42	81500	0.0
11	81501	0.0
48	81504	0.0
6	81504	0.0
43	81501	0.0
6	81501	0.0
34	81501	0.0
6	81502	0.0
9	81502	0.0
41	81505	0.0
6	81505	0.0
9	81505	0.0
8	81505	0.0
11	81505	0.0
72	81502	0.0
9	81502	0.0
8	81502	0.0
7	81502	0.0
25	81502	0.0
12	81505	0.0
7	81505	0.0
46	81505	0.0
6	81510	0.0
55	81509	0.0
6	81509	0.0
6	81509	0.0
11	81509	0.0
6	81509	0.0
43	81509	0.0
36	81508	0.0
9	81507	0.0
41	81509	0.0
8	81509	0.0
9	81509	0.0
7	81509	0.0
8	81509	0.0
38	81509	0.0
45	81509	0.0
42	81512	0.0
10	81512	0.0
6	81512	0.0
8	81512	0.0
44	81512	0.0
48	81512	0.0
52	81509	0.0
6	81509	0.0
49	81507	0.0
6	81507	0.0
9	81507	0.0
45	81507	0.0
8	81505	0.0
42	81505	0.0
7	81505	0.0
6	81505	0.0
7	81505	0.0
45	81503	0.0
6	81503	0.0
6	81524	0.0
6	81524	0.0
6	81530	0.0
16	81580	0.0
8	54561	0.0
7	54561	0.0
18	54878	0.0
11	54918	0.0
11	54918	0.0
6	54937	0.0
9	54939	0.0
9	54940	0.0
19	54936	0.0
6	54936	0.0
7	54922	0.0
6	54922	0.0
6	54922	0.0
7	54923	0.0
7	54923	0.0
6	54923	0.0
9	54922	0.0
6	54924	0.0
7	54924	0.0
7	54924	0.0
20	54923	0.0
36	54923	0.0
6	54923	0.0
8	54923	0.0
37	54923	0.0
11	54923	0.0
17	54923	0.0
27	54922	0.0
6	54922	0.0
33	54923	0.0
9	54922	0.0
33	54916	0.0
26	54916	0.0
35	54918	0.0
6	54918	0.0
7	54918	0.0
41	54918	0.0
8	54917	0.0
6	54916	0.0
6	54913	0.0
10	84572	0.0
6	84572	0.0
23	85083	0.0
7	85083	0.0
12	85118	0.0
9	85155	0.0
6	85155	0.0
12	85149	0.0
6	85149	0.0
7	84532	0.0
62	84532	0.0
31	84532	0.0
42	84256	0.0
6	84192	0.0
7	84192	0.0
10	84085	0.0
10	84074	0.0
6	84074	0.0
12	84074	0.0
56	84074	0.0
37	84076	0.0
14	84076	0.0
7	84076	0.0
8	84076	0.0
6	84076	0.0
52	84076	0.0
11	84075	0.0
13	84075	0.0
9	84076	0.0
14	84076	0.0
7	84076	0.0
9	84076	0.0
37	84076	0.0
46	84076	0.0
43	84076	0.0
6	84076	0.0
7	84076	0.0
8	84076	0.0
8	84076	0.0
42	84076	0.0
9	84074	0.0
42	84074	0.0
6	84074	0.0
6	84074	0.0
7	84076	0.0
6	84076	0.0
14	84076	0.0
39	84075	0.0
39	84076	0.0
38	84074	0.0
11	84074	0.0
11	84074	0.0
7	84075	0.0
8	84076	0.0
12	84076	0.0
7	84076	0.0
12	84075	0.0
7	84075	0.0
14	84076	0.0
6	84075	0.0
44	84076	0.0
39	84076	0.0
50	84075	0.0
9	84075	0.0
39	84076	0.0
7	84076	0.0
10	84076	0.0
6	84076	0.0
47	84076	0.0
50	84074	0.0
7	84071	0.0
8	84071	0.0
6	84071	0.0
6	84071	0.0
14	84071	0.0
8	84071	0.0
8	84071	0.0
8	84071	0.0
11	84071	0.0
9	84071	0.0
6	84071	0.0
47	84074	0.0
58	84073	0.0
6	84073	0.0
12	84073	0.0
6	84068	0.0
41	84068	0.0
43	84068	0.0
6	84068	0.0
6	84068	0.0
12	84071	0.0
11	84071	0.0
9	84072	0.0
7	84072	0.0
7	84068	0.0
8	84068	0.0
12	84068	0.0
7	84068	0.0
9	84077	0.0
7	84077	0.0
8	84095	0.0
7	84095	0.0
14	84089	0.0
8	84089	0.0
14	84089	0.0
36	84089	0.0
9	84100	0.0
8	84100	0.0
8	84100	0.0
12	84098	0.0
7	83952	0.0
6	70008	0.0
15	70090	0.0
6	70092	0.0
18	70094	0.0
9	70094	0.0
7	70101	0.0
7	70101	0.0
8	70101	0.0
8	70102	0.0
30	70102	0.0
32	70102	0.0
34	70102	0.0
8	70102	0.0
7	70102	0.0
28	70101	0.0
34	70101	0.0
12	70101	0.0
8	70101	0.0
6	70101	0.0
18	70101	0.0
6	70101	0.0
19	70100	0.0
7	70100	0.0
14	70100	0.0
8	70100	0.0
30	70101	0.0
53	70100	0.0
11	70100	0.0
8	70100	0.0
9	70100	0.0
10	70100	0.0
7	70100	0.0
16	70100	0.0
16	70100	0.0
33	70099	0.0
6	70101	0.0
14	70100	0.0
12	70100	0.0
38	70100	0.0
17	70100	0.0
15	70100	0.0
10	70099	0.0
6	70099	0.0
9	70101	0.0
6	70101	0.0
13	70101	0.0
31	70101	0.0
10	70101	0.0
11	70100	0.0
7	70100	0.0
7	70100	0.0
48	70100	0.0
36	70100	0.0
7	70099	0.0
23	70098	0.0
9	70099	0.0
7	70099	0.0
6	70101	0.0
35	70101	0.0
35	70101	0.0
45	70101	0.0
42	70101	0.0
9	70100	0.0
6	70100	0.0
8	70099	0.0
7	70100	0.0
6	70101	0.0
9	70101	0.0
6	70101	0.0
7	70101	0.0
29	70101	0.0
6	70101	0.0
35	70101	0.0
35	70101	0.0
10	70101	0.0
7	70101	0.0
8	70101	0.0
9	70100	0.0
7	70100	0.0
6	70101	0.0
35	70095	0.0
8	70095	0.0
37	70095	0.0
49	70099	0.0
29	70099	0.0
41	70098	0.0
6	70097	0.0
35	70098	0.0
42	70093	0.0
7	70093	0.0
8	70093	0.0
6	70091	0.0
7	69989	0.0
17	59350	0.0
12	59756	0.0
10	59803	0.0
13	59803	0.0
12	59823	0.0
7	59819	0.0
34	59827	0.0
6	59827	0.0
28	59827	0.0
6	59820	0.0
11	59818	0.0
11	59818	0.0
6	59798	0.0
10	59798	0.0
6	59797	0.0
25	59795	0.0
8	59795	0.0
6	59796	0.0
9	59796	0.0
6	59796	0.0
6	59796	0.0
24	59796	0.0
28	59796	0.0
36	59795	0.0
7	59796	0.0
6	59796	0.0
7	59796	0.0
30	59815	0.0
7	59815	0.0
27	59815	0.0
33	59815	0.0
30	59815	0.0
6	59815	0.0
6	59815	0.0
23	59814	0.0
6	59814	0.0
6	59815	0.0
7	59815	0.0
8	59815	0.0
7	59814	0.0
6	59815	0.0
7	59815	0.0
6	59815	0.0
34	59815	0.0
7	59813	0.0
33	59813	0.0
9	59814	0.0
6	59814	0.0
6	59814	0.0
6	59814	0.0
8	59816	0.0
6	59816	0.0
8	59945	0.0
21	59938	0.0
36	59938	0.0
6	59938	0.0
6	59955	0.0
7	77812	0.0
13	78254	0.0
6	78327	0.0
6	78364	0.0
10	78367	0.0
6	78367	0.0
7	78367	0.0
6	78368	0.0
9	77994	0.0
40	77962	0.0
12	77948	0.0
6	77948	0.0
9	77948	0.0
6	77944	0.0
74	77944	0.0
13	77944	0.0
6	77944	0.0
26	77944	0.0
9	77945	0.0
6	77945	0.0
6	77946	0.0
7	77946	0.0
38	77956	0.0
8	77946	0.0
48	77946	0.0
42	77946	0.0
8	77946	0.0
39	77946	0.0
9	77946	0.0
41	77952	0.0
52	77953	0.0
39	77955	0.0
34	77955	0.0
7	77955	0.0
38	77955	0.0
28	77955	0.0
6	77956	0.0
32	77956	0.0
6	77956	0.0
8	77956	0.0
9	77956	0.0
11	77956	0.0
28	77955	0.0
33	77951	0.0
12	77951	0.0
7	77951	0.0
6	77951	0.0
7	77951	0.0
6	77951	0.0
7	77951	0.0
22	77951	0.0
12	77955	0.0
9	77955	0.0
8	77955	0.0
34	77955	0.0
48	77955	0.0
6	77954	0.0
73	77953	0.0
10	77954	0.0
32	77954	0.0
8	77954	0.0
46	77954	0.0
11	77954	0.0
9	77954	0.0
15	77954	0.0
7	77953	0.0
6	77953	0.0
7	77953	0.0
38	77954	0.0
41	77953	0.0
6	77949	0.0
52	77949	0.0
41	77949	0.0
43	77952	0.0
10	77952	0.0
39	77943	0.0
6	77943	0.0
46	77943	0.0
26	77943	0.0
11	77943	0.0
34	77943	0.0
9	77943	0.0
8	77943	0.0
52	77943	0.0
7	77936	0.0
43	77936	0.0
40	77936	0.0
6	77929	0.0
8	77827	0.0
9	77827	0.0
11	53802	0.0
11	54084	0.0
11	54084	0.0
9	54128	0.0
6	54167	0.0
7	54171	0.0
6	54162	0.0
9	54162	0.0
35	54161	0.0
6	54161	0.0
10	54161	0.0
10	54158	0.0
6	54158	0.0
15	54158	0.0
24	54156	0.0
26	54154	0.0
34	54156	0.0
33	54155	0.0
6	54154	0.0
7	54154	0.0
6	54155	0.0
30	54155	0.0
6	54155	0.0
28	54155	0.0
30	54151	0.0
8	54151	0.0
9	54151	0.0
32	54151	0.0
37	54155	0.0
32	54155	0.0
6	54155	0.0
8	54155	0.0
6	54155	0.0
32	54155	0.0
6	54155	0.0
7	54153	0.0
32	54153	0.0
32	54153	0.0
7	54152	0.0
8	54155	0.0
8	54155	0.0
17	54154	0.0
30	54155	0.0
6	54155	0.0
6	54155	0.0
7	54155	0.0
9	54155	0.0
6	54155	0.0
7	54155	0.0
6	54155	0.0
53	54154	0.0
9	54154	0.0
11	54154	0.0
10	54154	0.0
6	54154	0.0
6	54154	0.0
6	54155	0.0
6	54156	0.0
6	54155	0.0
6	54156	0.0
29	54157	0.0
8	54157	0.0
7	54157	0.0
6	54157	0.0
45	54161	0.0
16	54219	0.0
8	54219	0.0
24	54274	0.0
7	54299	0.0
9	54299	0.0
13	54299	0.0
18	54299	0.0
62	54340	0.0
6	54340	0.0
7	60158	0.0
8	60158	0.0
6	60223	0.0
7	60225	0.0
8	60227	0.0
6	60231	0.0
7	60266	0.0
8	60266	0.0
13	60266	0.0
7	60266	0.0
33	60265	0.0
8	60266	0.0
8	60266	0.0
10	60266	0.0
12	60265	0.0
7	60265	0.0
32	60265	0.0
6	60264	0.0
6	60265	0.0
6	60265	0.0
13	60265	0.0
6	60265	0.0
30	60262	0.0
33	60262	0.0
7	60262	0.0
30	60262	0.0
7	60262	0.0
10	60262	0.0
6	60262	0.0
29	60262	0.0
7	60262	0.0
6	60262	0.0
24	60262	0.0
29	60266	0.0
9	60266	0.0
26	60266	0.0
9	60266	0.0
6	60266	0.0
7	60265	0.0
10	60265	0.0
8	60266	0.0
26	60266	0.0
34	60266	0.0
42	60266	0.0
30	60262	0.0
32	60262	0.0
36	60265	0.0
35	60264	0.0
7	60264	0.0
8	60264	0.0
8	60266	0.0
37	60265	0.0
7	60265	0.0
7	60265	0.0
7	60265	0.0
27	60266	0.0
24	60263	0.0
31	60263	0.0
8	60262	0.0
23	60264	0.0
10	60264	0.0
8	60263	0.0
7	60264	0.0
8	60261	0.0
27	60262	0.0
28	60260	0.0
7	60261	0.0
31	60261	0.0
9	60262	0.0
13	60262	0.0
10	60262	0.0
7	60262	0.0
6	60261	0.0
8	60261	0.0
6	60261	0.0
36	60260	0.0
10	92398	0.0
21	92958	0.0
8	92958	0.0
11	93038	0.0
6	93048	0.0
14	93065	0.0
7	93065	0.0
8	93054	0.0
7	93054	0.0
15	93064	0.0
18	93065	0.0
7	93065	0.0
43	93065	0.0
6	93065	0.0
8	93065	0.0
9	93065	0.0
46	93064	0.0
8	93064	0.0
9	93064	0.0
7	93065	0.0
14	93065	0.0
8	93064	0.0
35	93062	0.0
37	93063	0.0
12	93063	0.0
9	93063	0.0
8	93063	0.0
6	93063	0.0
50	93063	0.0
46	93064	0.0
6	93064	0.0
45	93064	0.0
10	93064	0.0
7	93064	0.0
11	93065	0.0
12	93064	0.0
22	93064	0.0
6	93064	0.0
6	93064	0.0
6	93065	0.0
16	93065	0.0
27	93065	0.0
8	93065	0.0
40	93065	0.0
7	93059	0.0
43	93059	0.0
8	93059	0.0
11	93059	0.0
6	93059	0.0
34	93065	0.0
10	93065	0.0
6	93065	0.0
9	93064	0.0
10	93064	0.0
7	93064	0.0
36	93064	0.0
40	93065	0.0
6	93064	0.0
8	93064	0.0
12	93064	0.0
6	93064	0.0
13	93065	0.0
6	93065	0.0
10	93065	0.0
9	93064	0.0
28	93064	0.0
49	93065	0.0
6	93065	0.0
36	93064	0.0
6	93061	0.0
7	93061	0.0
39	93061	0.0
6	93061	0.0
10	93061	0.0
8	93066	0.0
11	93066	0.0
39	93065	0.0
8	93064	0.0
10	93064	0.0
6	93063	0.0
7	93063	0.0
42	93063	0.0
7	93063	0.0
13	93063	0.0
14	93063	0.0
50	93062	0.0
8	93063	0.0
9	93065	0.0
9	93065	0.0
48	93064	0.0
8	93064	0.0
9	93064	0.0
46	93065	0.0
52	93065	0.0
6	93064	0.0
7	93064	0.0
6	93064	0.0
7	93064	0.0
6	93065	0.0
36	93063	0.0
6	93058	0.0
10	93058	0.0
10	93058	0.0
9	93058	0.0
6	93064	0.0
19	93064	0.0
7	93071	0.0
28	93060	0.0
79	93075	0.0
36	93083	0.0
6	93076	0.0
6	93068	0.0
6	92935	0.0
7	955	0.0
16	27497	0.0
11	27639	0.0
11	27660	0.0
7	27660	0.0
22	27661	0.0
9	27661	0.0
6	27658	0.0
11	27661	0.0
13	27660	0.0
15	27661	0.0
12	27661	0.0
6	27661	0.0
24	27660	0.0
9	27661	0.0
10	27662	0.0
12	27662	0.0
14	27662	0.0
12	27662	0.0
8	27659	0.0
12	27659	0.0
11	27662	0.0
20	27662	0.0
15	27662	0.0
15	27661	0.0
12	27662	0.0
12	27662	0.0
7	27662	0.0
11	27662	0.0
7	27661	0.0
9	27661	0.0
8	27661	0.0
11	27660	0.0
11	27661	0.0
9	75558	0.0
6	75597	0.0
7	75601	0.0
6	75608	0.0
6	75608	0.0
8	75610	0.0
6	75610	0.0
7	75586	0.0
22	75610	0.0
10	75610	0.0
6	75609	0.0
7	75610	0.0
8	75247	0.0
6	75106	0.0
9	75097	0.0
19	75097	0.0
14	75097	0.0
9	75098	0.0
17	75098	0.0
32	75092	0.0
7	75092	0.0
10	75092	0.0
18	75092	0.0
11	75092	0.0
13	75095	0.0
6	75097	0.0
7	75097	0.0
65	75097	0.0
10	75097	0.0
7	75097	0.0
8	75096	0.0
8	75096	0.0
6	75096	0.0
7	75097	0.0
7	75097	0.0
6	75096	0.0
7	75095	0.0
10	75095	0.0
10	75095	0.0
6	75096	0.0
6	75096	0.0
9	75097	0.0
6	75097	0.0
6	75097	0.0
26	75096	0.0
7	75096	0.0
38	75097	0.0
8	75096	0.0
6	75096	0.0
31	75093	0.0
36	75091	0.0
7	75091	0.0
7	75094	0.0
6	75094	0.0
43	75094	0.0
35	75092	0.0
6	75092	0.0
34	75090	0.0
43	75093	0.0
7	75093	0.0
7	75093	0.0
8	75093	0.0
6	75094	0.0
9	75094	0.0
28	75094	0.0
12	75094	0.0
26	75084	0.0
12	75084	0.0
11	75084	0.0
6	75087	0.0
14	75087	0.0
6	75085	0.0
7	75085	0.0
9	75085	0.0
6	75085	0.0
7	75085	0.0
6	75085	0.0
7	75086	0.0
6	75086	0.0
9	75086	0.0
8	75082	0.0
7	75082	0.0
26	74911	0.0
7	61334	0.0
7	61334	0.0
7	61695	0.0
11	61695	0.0
12	61742	0.0
29	61751	0.0
13	61751	0.0
34	61751	0.0
34	61751	0.0
61	61751	0.0
8	61751	0.0
25	61750	0.0
49	61750	0.0
6	61750	0.0
63	61742	0.0
10	61742	0.0
6	61742	0.0
27	61742	0.0
39	61747	0.0
32	61748	0.0
6	61746	0.0
21	61746	0.0
34	61746	0.0
6	61760	0.0
36	61760	0.0
41	61760	0.0
7	61763	0.0
7	61763	0.0
33	61763	0.0
32	61763	0.0
6	61763	0.0
11	61764	0.0
42	61763	0.0
7	61765	0.0
6	61764	0.0
31	61764	0.0
69	61765	0.0
8	61765	0.0
15	61765	0.0
28	61765	0.0
7	61762	0.0
47	61762	0.0
6	61762	0.0
20	61762	0.0
29	61764	0.0
19	61765	0.0
35	61763	0.0
6	61765	0.0
11	61765	0.0
12	61764	0.0
9	61758	0.0
52	61758	0.0
7	61753	0.0
14	61753	0.0
11	61753	0.0
40	61753	0.0
9	61752	0.0
18	61754	0.0
29	61758	0.0
26	61758	0.0
35	61758	0.0
26	61770	0.0
8	61819	0.0
23	61819	0.0
7	61819	0.0
8	61817	0.0
7	61818	0.0
15	88329	0.0
12	88834	0.0
47	88888	0.0
7	88888	0.0
37	88902	0.0
7	88902	0.0
18	88911	0.0
29	88911	0.0
6	88911	0.0
8	88913	0.0
6	88911	0.0
14	88912	0.0
19	88913	0.0
8	88912	0.0
35	88912	0.0
33	88913	0.0
36	88913	0.0
42	88913	0.0
8	88912	0.0
9	88912	0.0
7	88912	0.0
11	88912	0.0
7	88912	0.0
9	88912	0.0
6	88912	0.0
21	88912	0.0
6	88913	0.0
8	88913	0.0
20	88913	0.0
40	88913	0.0
8	88913	0.0
8	88911	0.0
8	88913	0.0
6	88913	0.0
17	88913	0.0
26	88913	0.0
7	88913	0.0
10	88912	0.0
35	88913	0.0
7	88913	0.0
8	88913	0.0
7	88911	0.0
9	88911	0.0
8	88911	0.0
36	88911	0.0
6	88911	0.0
48	88911	0.0
6	88911	0.0
9	88912	0.0
24	88911	0.0
9	88912	0.0
11	88912	0.0
6	88913	0.0
10	88913	0.0
30	88913	0.0
29	88912	0.0
42	88912	0.0
86	88910	0.0
11	88910	0.0
8	88910	0.0
6	88910	0.0
37	88911	0.0
38	88912	0.0
9	88912	0.0
7	88913	0.0
38	88913	0.0
11	88912	0.0
10	88912	0.0
19	88912	0.0
14	88912	0.0
7	88911	0.0
6	88912	0.0
7	88912	0.0
39	88912	0.0
11	88911	0.0
38	88911	0.0
8	88912	0.0
10	88911	0.0
25	88911	0.0
43	88911	0.0
39	88911	0.0
9	88910	0.0
11	88912	0.0
7	88912	0.0
35	88912	0.0
35	88912	0.0
9	88911	0.0
19	88911	0.0
7	88912	0.0
7	88910	0.0
11	88910	0.0
40	88911	0.0
7	88911	0.0
8	88911	0.0
6	88911	0.0
6	88910	0.0
7	88910	0.0
8	88910	0.0
10	88909	0.0
10	88909	0.0
12	88910	0.0
19	88910	0.0
10	88910	0.0
37	88904	0.0
7	88905	0.0
41	88905	0.0
6	88905	0.0
89	88905	0.0
8	88905	0.0
9	88905	0.0
6	88905	0.0
11	88905	0.0
7	88901	0.0
6	88901	0.0
6	88896	0.0
6	88896	0.0
10	88896	0.0
7	88896	0.0
46	88896	0.0
39	88896	0.0
38	88892	0.0
12	88882	0.0
42	88710	0.0
6	59885	0.0
6	60272	0.0
6	60315	0.0
19	60337	0.0
7	60337	0.0
6	60342	0.0
8	60342	0.0
25	60342	0.0
25	60342	0.0
24	60340	0.0
6	60340	0.0
27	60340	0.0
31	60342	0.0
10	60342	0.0
26	60341	0.0
27	60341	0.0
7	60341	0.0
29	60342	0.0
29	60342	0.0
6	60342	0.0
7	60342	0.0
22	60342	0.0
30	60342	0.0
58	60342	0.0
6	60342	0.0
8	60342	0.0
12	60342	0.0
15	60342	0.0
12	60342	0.0
34	60341	0.0
9	60341	0.0
34	60341	0.0
28	60342	0.0
15	60340	0.0
16	60340	0.0
6	60340	0.0
19	60341	0.0
6	60341	0.0
22	60342	0.0
26	60342	0.0
58	60342	0.0
9	60342	0.0
27	60341	0.0
25	60340	0.0
17	60340	0.0
6	60340	0.0
16	60340	0.0
27	60340	0.0
6	60341	0.0
6	60341	0.0
7	60341	0.0
6	60341	0.0
25	60341	0.0
6	60338	0.0
9	60338	0.0
39	60338	0.0
23	60338	0.0
6	60332	0.0
34	60332	0.0
30	60332	0.0
6	60331	0.0
10	60326	0.0
12	60326	0.0
6	60324	0.0
26	60221	0.0
19	35975	0.0
7	35975	0.0
32	36283	0.0
6	36314	0.0
6	36331	0.0
6	36331	0.0
12	36333	0.0
8	36333	0.0
8	36275	0.0
7	36272	0.0
25	36272	0.0
8	36270	0.0
10	36270	0.0
6	36270	0.0
6	36270	0.0
7	36270	0.0
7	36270	0.0
8	36270	0.0
19	36270	0.0
45	36268	0.0
7	36267	0.0
6	36268	0.0
12	36268	0.0
21	36268	0.0
12	36268	0.0
8	36268	0.0
9	36268	0.0
8	36269	0.0
6	36268	0.0
13	36268	0.0
7	36268	0.0
18	36265	0.0
28	36265	0.0
24	36265	0.0
8	36265	0.0
18	36268	0.0
15	36268	0.0
26	36268	0.0
22	36267	0.0
6	36267	0.0
15	36267	0.0
12	36267	0.0
16	36267	0.0
6	36268	0.0
7	36268	0.0
40	36267	0.0
6	36267	0.0
16	36267	0.0
6	36267	0.0
22	36267	0.0
56	36264	0.0
6	36263	0.0
7	36263	0.0
13	36264	0.0
8	36263	0.0
23	36264	0.0
19	36264	0.0
8	35779	0.0
8	35810	0.0
9	35815	0.0
24	35815	0.0
8	35817	0.0
16	35816	0.0
25	35816	0.0
12	35816	0.0
20	35814	0.0
19	35816	0.0
25	35817	0.0
15	35816	0.0
6	35815	0.0
38	35815	0.0
6	35815	0.0
10	35817	0.0
9	35817	0.0
13	35817	0.0
26	35817	0.0
16	35817	0.0
18	35817	0.0
16	35817	0.0
6	35817	0.0
11	35817	0.0
19	35817	0.0
42	35816	0.0
8	35816	0.0
8	35816	0.0
13	35816	0.0
17	35816	0.0
14	35912	0.0
9	50585	0.0
6	50808	0.0
12	50808	0.0
7	50836	0.0
6	50856	0.0
6	50856	0.0
6	50856	0.0
16	50856	0.0
6	50856	0.0
31	50856	0.0
19	50856	0.0
31	50794	0.0
6	50787	0.0
35	50785	0.0
9	50781	0.0
26	50781	0.0
16	50781	0.0
29	50780	0.0
7	50780	0.0
15	50781	0.0
59	50780	0.0
6	50780	0.0
7	50780	0.0
6	50781	0.0
20	50779	0.0
20	50779	0.0
6	50779	0.0
25	50779	0.0
6	50779	0.0
6	50778	0.0
7	50775	0.0
21	50775	0.0
29	50776	0.0
18	50778	0.0
6	50778	0.0
24	50777	0.0
7	50778	0.0
31	50777	0.0
6	50777	0.0
6	50777	0.0
35	50777	0.0
27	50777	0.0
27	50776	0.0
20	50776	0.0
8	50777	0.0
36	50835	0.0
8	50835	0.0
9	50839	0.0
6	50839	0.0
6	50842	0.0
8	53743	0.0
19	54169	0.0
6	54182	0.0
7	54179	0.0
8	54187	0.0
14	54189	0.0
21	54189	0.0
23	54189	0.0
51	54147	0.0
18	54147	0.0
7	54147	0.0
13	54147	0.0
26	54147	0.0
24	54142	0.0
12	54142	0.0
36	54142	0.0
33	54146	0.0
8	54146	0.0
7	54146	0.0
11	54146	0.0
6	54146	0.0
32	54140	0.0
29	54140	0.0
17	54144	0.0
6	54144	0.0
8	54144	0.0
25	54144	0.0
29	54140	0.0
23	54143	0.0
8	54143	0.0
29	54145	0.0
7	54145	0.0
7	54145	0.0
7	54144	0.0
6	54144	0.0
9	54144	0.0
6	54144	0.0
32	54144	0.0
7	54144	0.0
10	54145	0.0
11	54145	0.0
9	54145	0.0
27	54145	0.0
6	54145	0.0
6	54145	0.0
29	54145	0.0
6	54145	0.0
7	54145	0.0
6	54145	0.0
24	54145	0.0
7	54144	0.0
20	54144	0.0
22	54141	0.0
6	54138	0.0
6	54142	0.0
6	54143	0.0
7	54143	0.0
6	54145	0.0
6	54145	0.0
6	54145	0.0
8	54145	0.0
6	54145	0.0
19	54145	0.0
6	54137	0.0
8	77812	0.0
10	77812	0.0
6	78234	0.0
15	78234	0.0
7	78317	0.0
13	78317	0.0
17	78317	0.0
6	78317	0.0
6	78317	0.0
6	78335	0.0
6	78341	0.0
19	78342	0.0
6	78342	0.0
47	78342	0.0
15	78342	0.0
8	78342	0.0
9	78341	0.0
9	78341	0.0
34	78342	0.0
28	78342	0.0
6	78342	0.0
13	78342	0.0
26	78342	0.0
35	78341	0.0
11	78341	0.0
6	78342	0.0
6	78342	0.0
11	78342	0.0
8	78341	0.0
19	78341	0.0
8	78341	0.0
6	78341	0.0
6	78341	0.0
10	78340	0.0
29	78341	0.0
6	78340	0.0
8	78340	0.0
11	78340	0.0
16	78340	0.0
37	78339	0.0
27	78339	0.0
9	78339	0.0
6	78339	0.0
9	78339	0.0
7	78339	0.0
28	78339	0.0
28	78339	0.0
7	78341	0.0
11	78341	0.0
37	78341	0.0
9	78341	0.0
10	78341	0.0
60	78341	0.0
11	78341	0.0
8	78341	0.0
6	78341	0.0
8	78341	0.0
6	78331	0.0
21	78331	0.0
9	78331	0.0
9	78331	0.0
8	78331	0.0
6	78331	0.0
29	78341	0.0
8	78341	0.0
10	78341	0.0
7	78341	0.0
12	78341	0.0
9	78341	0.0
8	78341	0.0
7	78341	0.0
9	78341	0.0
6	78341	0.0
9	78340	0.0
30	78340	0.0
11	78339	0.0
38	78339	0.0
42	78339	0.0
59	78337	0.0
9	78337	0.0
10	78337	0.0
6	78337	0.0
7	78337	0.0
6	78337	0.0
8	78336	0.0
7	78336	0.0
40	78337	0.0
10	78334	0.0
10	78334	0.0
18	78333	0.0
11	78333	0.0
40	78325	0.0
27	78325	0.0
7	78325	0.0
39	78325	0.0
47	78325	0.0
33	78325	0.0
8	78325	0.0
41	78325	0.0
7	78325	0.0
40	78325	0.0
34	78325	0.0
38	78325	0.0
9	78325	0.0
7	78325	0.0
6	78325	0.0
10	78317	0.0
6	78317	0.0
9	78035	0.0
11	55708	0.0
7	55723	0.0
7	55750	0.0
7	55752	0.0
8	55752	0.0
44	55672	0.0
29	55673	0.0
38	55672	0.0
6	55672	0.0
7	55673	0.0
8	55673	0.0
14	55673	0.0
39	55673	0.0
8	55673	0.0
33	55675	0.0
9	55675	0.0
17	55675	0.0
24	55675	0.0
7	55675	0.0
7	55675	0.0
25	55675	0.0
31	55675	0.0
6	55675	0.0
6	55675	0.0
23	55675	0.0
10	55675	0.0
7	55748	0.0
29	55748	0.0
31	55747	0.0
6	55747	0.0
6	55747	0.0
6	55747	0.0
29	55747	0.0
6	55746	0.0
26	55746	0.0
27	55746	0.0
32	55749	0.0
7	55749	0.0
29	55750	0.0
8	55750	0.0
7	55750	0.0
29	55767	0.0
7	55774	0.0
7	55778	0.0
6	55775	0.0
7	55945	0.0
8	55945	0.0
6	56244	0.0
8	56244	0.0
8	56275	0.0
10	56285	0.0
11	56289	0.0
6	56290	0.0
9	56290	0.0
19	56291	0.0
6	56291	0.0
17	56290	0.0
7	56290	0.0
6	56290	0.0
7	56291	0.0
6	56291	0.0
54	56290	0.0
9	56290	0.0
14	56290	0.0
8	56291	0.0
7	56291	0.0
32	56288	0.0
10	56286	0.0
12	56286	0.0
7	56288	0.0
6	56288	0.0
11	56288	0.0
8	56288	0.0
21	56288	0.0
9	56289	0.0
8	56289	0.0
6	56289	0.0
7	56289	0.0
11	56289	0.0
24	56289	0.0
23	56289	0.0
21	56288	0.0
30	56288	0.0
19	56289	0.0
19	56289	0.0
17	56290	0.0
6	56290	0.0
8	56290	0.0
9	56290	0.0
6	56290	0.0
20	56290	0.0
10	56290	0.0
11	56289	0.0
6	56289	0.0
24	56288	0.0
6	56288	0.0
59	56288	0.0
15	56288	0.0
6	56287	0.0
7	56288	0.0
18	56288	0.0
29	56285	0.0
23	56285	0.0
9	56285	0.0
6	56286	0.0
23	56286	0.0
23	56286	0.0
27	56286	0.0
7	56287	0.0
18	56287	0.0
26	56287	0.0
21	56286	0.0
27	56281	0.0
6	56193	0.0
8	39514	0.0
14	39734	0.0
6	39750	0.0
6	39750	0.0
7	39750	0.0
6	39765	0.0
20	39767	0.0
19	39767	0.0
8	39767	0.0
25	39767	0.0
6	39767	0.0
7	39766	0.0
6	39766	0.0
14	39767	0.0
17	39767	0.0
6	39767	0.0
20	39766	0.0
16	39766	0.0
21	39767	0.0
6	39767	0.0
12	39764	0.0
11	39763	0.0
17	39764	0.0
17	39764	0.0
9	39763	0.0
7	39764	0.0
6	39764	0.0
23	39764	0.0
21	39764	0.0
23	39763	0.0
12	39764	0.0
22	39764	0.0
9	39763	0.0
6	39762	0.0
8	39763	0.0
27	39763	0.0
6	39762	0.0
18	39761	0.0
6	39762	0.0
7	39764	0.0
13	39778	0.0
6	39798	0.0
11	39825	0.0
15	69702	0.0
7	69702	0.0
6	70172	0.0
6	70227	0.0
13	70238	0.0
8	70238	0.0
7	70239	0.0
6	70245	0.0
8	70245	0.0
6	70245	0.0
7	70245	0.0
10	70226	0.0
7	70226	0.0
28	70225	0.0
6	70220	0.0
11	70222	0.0
8	70222	0.0
27	70222	0.0
6	70222	0.0
6	70222	0.0
10	70222	0.0
24	70222	0.0
8	70222	0.0
8	70222	0.0
32	70222	0.0
42	70221	0.0
32	70218	0.0
6	70218	0.0
33	70219	0.0
23	70222	0.0
20	70222	0.0
26	70222	0.0
55	70220	0.0
8	70220	0.0
58	70221	0.0
8	70221	0.0
32	70221	0.0
8	70221	0.0
6	70222	0.0
6	70222	0.0
8	70222	0.0
26	70222	0.0
23	70221	0.0
27	70221	0.0
7	70221	0.0
8	70221	0.0
23	70221	0.0
8	70221	0.0
6	70221	0.0
24	70221	0.0
24	70221	0.0
7	70221	0.0
9	70221	0.0
6	70221	0.0
28	70221	0.0
7	70221	0.0
6	70220	0.0
7	70220	0.0
8	70220	0.0
6	70220	0.0
26	70220	0.0
40	70221	0.0
26	70221	0.0
7	70218	0.0
26	70218	0.0
21	70218	0.0
6	70221	0.0
26	70221	0.0
32	70221	0.0
78	70219	0.0
6	70219	0.0
12	70219	0.0
27	70219	0.0
35	70214	0.0
58	70119	0.0
10	65017	0.0
7	65120	0.0
6	65123	0.0
10	65123	0.0
7	65123	0.0
29	65123	0.0
41	65102	0.0
11	65101	0.0
8	65100	0.0
6	65100	0.0
37	65100	0.0
7	65100	0.0
73	65094	0.0
30	65094	0.0
7	65094	0.0
6	65094	0.0
41	65096	0.0
30	65097	0.0
30	65094	0.0
9	65097	0.0
8	65097	0.0
7	65097	0.0
9	65097	0.0
7	65097	0.0
47	65096	0.0
7	65096	0.0
15	65096	0.0
29	65091	0.0
82	65091	0.0
9	65091	0.0
19	65091	0.0
8	65091	0.0
37	65095	0.0
35	65095	0.0
34	65095	0.0
11	65095	0.0
7	65095	0.0
9	65095	0.0
6	65092	0.0
6	65088	0.0
36	65088	0.0
21	65088	0.0
32	65092	0.0
41	65092	0.0
31	65093	0.0
8	65093	0.0
9	65093	0.0
6	65093	0.0
6	65093	0.0
6	65093	0.0
8	65093	0.0
12	65093	0.0
8	65093	0.0
6	65093	0.0
16	65093	0.0
6	65093	0.0
6	65093	0.0
10	65093	0.0
6	65093	0.0
6	65092	0.0
37	65092	0.0
9	65092	0.0
8	65093	0.0
6	65093	0.0
6	65097	0.0
31	65123	0.0
24	65092	0.0
38	65092	0.0
6	65123	0.0
7	65121	0.0
6	65121	0.0
8	65121	0.0
6	65117	0.0
6	65114	0.0
22	90289	0.0
8	90821	0.0
7	90821	0.0
9	90821	0.0
7	90821	0.0
6	90850	0.0
7	90852	0.0
7	90856	0.0
8	90853	0.0
6	90853	0.0
18	90856	0.0
27	90857	0.0
10	90857	0.0
7	90853	0.0
42	90113	0.0
31	90084	0.0
49	90076	0.0
73	90076	0.0
9	90076	0.0
10	90076	0.0
6	90076	0.0
25	90076	0.0
8	90076	0.0
6	90076	0.0
7	90076	0.0
42	90076	0.0
9	90076	0.0
15	90075	0.0
35	90075	0.0
7	90070	0.0
69	90070	0.0
11	90070	0.0
10	90070	0.0
11	90070	0.0
44	90070	0.0
39	90076	0.0
44	90075	0.0
13	90075	0.0
10	90075	0.0
26	90075	0.0
9	90075	0.0
6	90075	0.0
6	90075	0.0
39	90074	0.0
7	90071	0.0
16	90071	0.0
6	90071	0.0
9	90074	0.0
9	90074	0.0
52	90074	0.0
7	90074	0.0
8	90074	0.0
41	90074	0.0
15	90067	0.0
6	90067	0.0
9	90067	0.0
15	90067	0.0
8	90067	0.0
6	90067	0.0
14	90067	0.0
14	90067	0.0
10	90067	0.0
11	90067	0.0
9	90067	0.0
6	90067	0.0
7	90067	0.0
16	90067	0.0
27	90067	0.0
6	90067	0.0
7	90067	0.0
6	90067	0.0
6	90067	0.0
7	90071	0.0
7	90070	0.0
6	90070	0.0
6	90070	0.0
14	90070	0.0
8	90070	0.0
12	90070	0.0
10	90070	0.0
7	90070	0.0
15	90070	0.0
6	90070	0.0
9	90068	0.0
40	90069	0.0
9	90068	0.0
8	90068	0.0
13	90068	0.0
18	90068	0.0
6	90068	0.0
36	90066	0.0
6	90067	0.0
6	90067	0.0
7	90069	0.0
6	90069	0.0
6	90065	0.0
10	90065	0.0
43	90065	0.0
50	90065	0.0
7	90078	0.0
12	90078	0.0
9	90098	0.0
37	90102	0.0
31	90105	0.0
6	90103	0.0
62	90103	0.0
12	90103	0.0
7	90103	0.0
99	90103	0.0
16	90103	0.0
8	90103	0.0
6	90097	0.0
7	90098	0.0
7	90090	0.0
13	89930	0.0
24	72258	0.0
10	72258	0.0
23	72618	0.0
11	72671	0.0
6	72671	0.0
10	72696	0.0
7	72689	0.0
6	72690	0.0
6	72696	0.0
6	72696	0.0
7	72697	0.0
13	72698	0.0
9	72693	0.0
8	72693	0.0
12	72693	0.0
8	72693	0.0
9	72693	0.0
6	72693	0.0
18	72693	0.0
7	72692	0.0
6	72692	0.0
7	72693	0.0
6	72693	0.0
52	72692	0.0
8	72692	0.0
21	72692	0.0
27	72694	0.0
25	72693	0.0
7	72693	0.0
34	72694	0.0
19	72694	0.0
9	72694	0.0
34	72694	0.0
35	72693	0.0
35	72688	0.0
76	72688	0.0
12	72689	0.0
17	72689	0.0
8	72689	0.0
26	72694	0.0
6	72693	0.0
15	72693	0.0
11	72693	0.0
15	72693	0.0
8	72693	0.0
6	72694	0.0
8	72694	0.0
9	72694	0.0
38	72695	0.0
9	72695	0.0
17	72695	0.0
7	72695	0.0
7	72695	0.0
7	72695	0.0
8	72695	0.0
11	72695	0.0
24	72695	0.0
13	72694	0.0
38	72694	0.0
7	72695	0.0
8	72695	0.0
15	72695	0.0
8	72695	0.0
6	72695	0.0
7	72695	0.0
6	72695	0.0
11	72695	0.0
7	72695	0.0
6	72694	0.0
9	72694	0.0
8	72695	0.0
28	72695	0.0
26	72695	0.0
11	72693	0.0
6	72693	0.0
30	72693	0.0
7	72693	0.0
25	72694	0.0
12	72694	0.0
6	72694	0.0
56	72693	0.0
8	72693	0.0
17	72692	0.0
7	72692	0.0
6	72690	0.0
6	72690	0.0
29	72690	0.0
53	72689	0.0
6	72690	0.0
6	72690	0.0
8	72690	0.0
36	72682	0.0
7	72682	0.0
55	72682	0.0
14	72682	0.0
15	72682	0.0
9	72682	0.0
16	72682	0.0
10	72682	0.0
6	72680	0.0
8	72674	0.0
36	72554	0.0
6	1866	0.0
7	1944	0.0
